0 0.051724 0.136807 0.481744 0.136807 0.481744 0.349580 0.051724 0.349580
0 0.526217 0.114748 0.905832 0.114748 0.905832 0.387773 0.526217 0.387773
0 0.059113 0.409184 0.532020 0.409184 0.532020 0.638776 0.059113 0.638776
0 0.577586 0.405102 0.859606 0.405102 0.859606 0.654082 0.577586 0.654082
1 0.108108 0.320463 0.130475 0.320463 0.130475 0.334749 0.108108 0.334749
1 0.393447 0.317586 0.446362 0.317586 0.446362 0.331985 0.393447 0.331985
2 0.589272 0.142857 0.604215 0.142857 0.604215 0.159048 0.589272 0.159048
2 0.676628 0.226667 0.694253 0.226667 0.694253 0.242540 0.676628 0.242540
2 0.714527 0.278711 0.732638 0.278711 0.732638 0.295518 0.714527 0.295518
2 0.865025 0.272925 0.877833 0.272925 0.877833 0.290068 0.865025 0.290068
1 0.630861 0.408839 0.653932 0.408839 0.653932 0.421788 0.630861 0.421788
1 0.414745 0.411545 0.466870 0.411545 0.466870 0.423796 0.414745 0.423796
1 0.244785 0.615912 0.297763 0.615912 0.297763 0.630609 0.244785 0.630609
1 0.692939 0.613757 0.746762 0.613757 0.746762 0.627362 0.692939 0.627362
1 0.690507 0.634165 0.746153 0.634165 0.746153 0.646510 0.690507 0.646510
1 0.784448 0.407076 0.806029 0.407076 0.806029 0.420772 0.784448 0.420772
1 0.580062 0.485942 0.580062 0.430091 0.601614 0.430091 0.601614 0.485942
1 0.581438 0.591945 0.581438 0.533435 0.603448 0.533435 0.603448 0.591945
1 0.091165 0.413464 0.111317 0.413464 0.111317 0.425921 0.091165 0.425921
1 0.503677 0.544513 0.503677 0.498077 0.520811 0.498077 0.520811 0.544513
1 0.481188 0.606034 0.481188 0.564431 0.500228 0.564431 0.500228 0.606034
1 0.830036 0.468433 0.830036 0.450854 0.845873 0.450854 0.845873 0.468433