1 0.162956 0.400392 0.216608 0.400392 0.216608 0.415763 0.162956 0.415763
1 0.223520 0.419228 0.284083 0.419228 0.284083 0.433394 0.223520 0.433394
1 0.357054 0.399909 0.377004 0.399909 0.377004 0.413861 0.357054 0.413861
2 0.441207 0.753143 0.455690 0.753143 0.455690 0.768000 0.441207 0.768000
2 0.475862 0.737000 0.490000 0.737000 0.490000 0.752286 0.475862 0.752286
1 0.526207 0.475143 0.540172 0.475143 0.540172 0.490857 0.526207 0.490857
1 0.525862 0.547429 0.542414 0.547429 0.542414 0.563429 0.525862 0.563429
1 0.294837 0.043399 0.332883 0.077204 0.315671 0.090503 0.277625 0.056698
1 0.386379 0.247067 0.386379 0.197429 0.402261 0.197429 0.402261 0.247067
1 0.407241 0.252286 0.407241 0.193571 0.425345 0.193571 0.425345 0.252286
1 0.427069 0.252286 0.427069 0.193571 0.445172 0.193571 0.445172 0.252286
1 0.093146 0.252439 0.093146 0.197943 0.109088 0.197943 0.109088 0.252439
1 0.070648 0.256969 0.070648 0.196480 0.087558 0.196480 0.087558 0.256969
0 0.477241 0.038857 0.921379 0.038857 0.921379 0.401143 0.477241 0.401143
0 0.056552 0.034286 0.463448 0.034286 0.463448 0.449143 0.056552 0.449143
0 0.245517 0.462857 0.678621 0.462857 0.678621 0.818286 0.245517 0.818286