1 0.308323 0.109682 0.332814 0.095994 0.343627 0.109277 0.319136 0.122964
1 0.391277 0.180053 0.391277 0.155576 0.410613 0.155576 0.410613 0.180053
1 0.330300 0.355633 0.356137 0.343767 0.365512 0.357779 0.339674 0.369646
1 0.222961 0.342465 0.247160 0.356505 0.236069 0.369629 0.211870 0.355589
1 0.534059 0.337675 0.563356 0.355967 0.550110 0.370532 0.520813 0.352240
1 0.705779 0.352526 0.737548 0.337328 0.748553 0.353122 0.716784 0.368319
1 0.305248 0.541146 0.334545 0.522853 0.347791 0.537418 0.318494 0.555710
1 0.389402 0.611420 0.389402 0.581024 0.411413 0.581024 0.411413 0.611420
1 0.330206 0.778907 0.360711 0.763113 0.369589 0.774885 0.339084 0.790679
1 0.219448 0.762443 0.248175 0.780379 0.238092 0.791466 0.209365 0.773529
1 0.511192 0.761284 0.540292 0.778802 0.530444 0.790033 0.501344 0.772515
1 0.697420 0.776147 0.728253 0.760796 0.736882 0.772696 0.706049 0.788046
0 0.168797 0.043956 0.441283 0.043956 0.441283 0.289710 0.168797 0.289710
0 0.472631 0.080919 0.786110 0.080919 0.786110 0.266733 0.472631 0.266733
0 0.491922 0.309690 0.788522 0.309690 0.788522 0.393606 0.491922 0.393606
0 0.172414 0.306693 0.396672 0.306693 0.396672 0.393606 0.172414 0.393606
0 0.174825 0.476523 0.442489 0.476523 0.442489 0.718282 0.174825 0.718282
0 0.465397 0.509491 0.774054 0.509491 0.774054 0.680320 0.465397 0.680320
0 0.470219 0.750250 0.770436 0.750250 0.770436 0.831169 0.470219 0.831169
0 0.179648 0.755245 0.408729 0.755245 0.408729 0.830170 0.179648 0.830170