1 0.277946 0.294819 0.298432 0.294819 0.298432 0.307175 0.277946 0.307175
1 0.213708 0.312378 0.233687 0.312378 0.233687 0.324301 0.213708 0.324301
1 0.648726 0.272336 0.671690 0.272336 0.671690 0.285099 0.648726 0.285099
1 0.679404 0.289405 0.730535 0.289405 0.730535 0.302630 0.679404 0.302630
1 0.724435 0.305859 0.774489 0.305859 0.774489 0.319083 0.724435 0.319083
2 0.318589 0.614760 0.334123 0.614760 0.334123 0.631460 0.318589 0.631460
2 0.458926 0.644324 0.475513 0.644324 0.475513 0.658768 0.458926 0.658768
2 0.524223 0.640036 0.541864 0.640036 0.541864 0.655157 0.524223 0.655157
2 0.471059 0.727657 0.485427 0.727657 0.485427 0.742611 0.471059 0.742611
1 0.472480 0.438643 0.472480 0.394514 0.489023 0.394514 0.489023 0.438643
1 0.494502 0.457519 0.494502 0.413390 0.511045 0.413390 0.511045 0.457519
0 0.142058 0.026846 0.431767 0.026846 0.431767 0.268456 0.142058 0.268456
0 0.148770 0.287632 0.431767 0.287632 0.431767 0.501438 0.148770 0.501438
0 0.465324 0.261745 0.807606 0.261745 0.807606 0.506232 0.465324 0.506232
0 0.246085 0.509108 0.652125 0.509108 0.652125 0.829338 0.246085 0.829338