2 0.627329 0.088140 0.641994 0.088140 0.641994 0.103963 0.627329 0.103963
2 0.608868 0.198018 0.624741 0.198018 0.624741 0.213398 0.608868 0.213398
2 0.614562 0.321503 0.630607 0.321503 0.630607 0.336587 0.614562 0.336587
2 0.695135 0.206596 0.711525 0.206596 0.711525 0.221532 0.695135 0.221532
1 0.170500 0.433286 0.192667 0.433286 0.192667 0.446714 0.170500 0.446714
1 0.111457 0.666815 0.132918 0.666815 0.132918 0.681798 0.111457 0.681798
1 0.206646 0.666815 0.227760 0.666815 0.227760 0.680018 0.206646 0.680018
1 0.266355 0.686397 0.294739 0.686397 0.294739 0.699599 0.266355 0.699599
1 0.298546 0.665183 0.322430 0.665183 0.322430 0.678238 0.298546 0.678238
1 0.426500 0.664286 0.448000 0.664286 0.448000 0.677286 0.426500 0.677286
1 0.683404 0.661750 0.736681 0.661750 0.736681 0.675894 0.683404 0.675894
1 0.528112 0.611015 0.528112 0.564974 0.546687 0.564974 0.546687 0.611015
1 0.551888 0.649466 0.551888 0.603425 0.570462 0.603425 0.570462 0.649466
1 0.838715 0.576472 0.838715 0.530430 0.857289 0.530430 0.857289 0.576472
0 0.070767 0.142857 0.476852 0.142857 0.476852 0.367347 0.070767 0.367347
0 0.501984 0.079365 0.880291 0.079365 0.880291 0.408163 0.501984 0.408163
0 0.508598 0.442177 0.882937 0.442177 0.882937 0.697279 0.508598 0.697279
0 0.066799 0.418367 0.487434 0.418367 0.487434 0.710884 0.066799 0.710884