1 0.253242 0.026152 0.295576 0.026152 0.295576 0.040536 0.253242 0.040536
1 0.226926 0.324616 0.269260 0.324616 0.269260 0.338019 0.226926 0.338019
1 0.551952 0.449678 0.571171 0.449678 0.571171 0.469755 0.551952 0.469755
1 0.739640 0.289060 0.755255 0.289060 0.755255 0.308623 0.739640 0.308623
1 0.087719 0.211105 0.087719 0.172499 0.106444 0.172499 0.106444 0.211105
1 0.428041 0.182037 0.428041 0.143431 0.446766 0.143431 0.446766 0.182037
1 0.093960 0.615772 0.093960 0.579338 0.109899 0.579338 0.109899 0.615772
1 0.436788 0.711593 0.436788 0.664442 0.452640 0.664442 0.452640 0.711593
0 0.085158 0.396246 0.464720 0.396246 0.464720 0.794578 0.085158 0.794578
0 0.467153 0.245047 0.885645 0.245047 0.885645 0.556830 0.467153 0.556830
0 0.077859 0.014599 0.456204 0.014599 0.456204 0.345151 0.077859 0.345151