2 0.664636 0.228128 0.679402 0.228128 0.679402 0.243474 0.664636 0.243474
2 0.737646 0.381979 0.752246 0.381979 0.752246 0.397189 0.737646 0.397189
1 0.316637 0.136041 0.370861 0.134418 0.371454 0.148957 0.317230 0.150581
1 0.298194 0.132413 0.333890 0.093251 0.347752 0.102533 0.312055 0.141695
1 0.231281 0.131532 0.288828 0.137588 0.286685 0.152554 0.229137 0.146497
1 0.442136 0.323843 0.442136 0.276559 0.457160 0.276559 0.457160 0.323843
1 0.440845 0.398994 0.440845 0.357203 0.456174 0.357203 0.456174 0.398994
1 0.441080 0.431388 0.441080 0.410483 0.457535 0.410483 0.457535 0.431388
1 0.444110 0.666093 0.444110 0.614183 0.459375 0.614183 0.459375 0.666093
0 0.163017 0.030240 0.441606 0.030240 0.441606 0.274244 0.163017 0.274244
0 0.158151 0.279458 0.476886 0.279458 0.476886 0.822732 0.158151 0.822732
0 0.541363 0.193952 0.833333 0.193952 0.833333 0.693431 0.541363 0.693431