2 0.522716 0.050974 0.539816 0.050974 0.539816 0.066287 0.522716 0.066287
2 0.687931 0.318719 0.708429 0.318719 0.708429 0.335140 0.687931 0.335140
1 0.612452 0.361412 0.635632 0.361412 0.635632 0.376026 0.612452 0.376026
1 0.647391 0.539553 0.671729 0.539553 0.671729 0.555908 0.647391 0.555908
1 0.648170 0.558244 0.671729 0.558244 0.671729 0.570928 0.648170 0.570928
1 0.616910 0.781688 0.640397 0.781688 0.640397 0.796749 0.616910 0.796749
1 0.661447 0.427229 0.685456 0.427229 0.685456 0.440948 0.661447 0.440948
1 0.348220 0.545076 0.369579 0.545076 0.369579 0.558114 0.348220 0.558114
1 0.331068 0.561720 0.385113 0.561720 0.385113 0.574757 0.331068 0.574757
1 0.297478 0.784443 0.352868 0.784443 0.352868 0.799279 0.297478 0.799279
1 0.308960 0.365698 0.331708 0.365698 0.331708 0.380422 0.308960 0.380422
1 0.355385 0.430561 0.383209 0.425492 0.387382 0.442319 0.359558 0.447388
1 0.263198 0.426959 0.302925 0.432352 0.300005 0.448151 0.260279 0.442758
1 0.424802 0.457595 0.423938 0.415140 0.444239 0.414836 0.445103 0.457291
1 0.430079 0.491519 0.429807 0.478160 0.444423 0.477942 0.444695 0.491300
1 0.430296 0.660714 0.429222 0.607966 0.445359 0.607725 0.446433 0.660473
0 0.204380 0.110532 0.428224 0.110532 0.428224 0.303441 0.204380 0.303441
0 0.478030 0.002597 0.762879 0.002597 0.762879 0.359740 0.478030 0.359740
0 0.202273 0.357143 0.471970 0.357143 0.471970 0.807792 0.202273 0.807792
0 0.505303 0.359740 0.747727 0.359740 0.747727 0.814286 0.505303 0.814286