2 0.164162 0.365371 0.181413 0.365371 0.181413 0.379203 0.164162 0.379203
2 0.249583 0.362986 0.264329 0.362986 0.264329 0.376819 0.249583 0.376819
2 0.331942 0.363224 0.346132 0.363224 0.346132 0.376103 0.331942 0.376103
1 0.231497 0.382542 0.283806 0.382542 0.283806 0.397567 0.231497 0.397567
2 0.306408 0.303827 0.318707 0.293646 0.331223 0.304756 0.318924 0.314936
2 0.191900 0.296934 0.204804 0.306549 0.192984 0.318205 0.180079 0.308590
2 0.380338 0.188377 0.380338 0.173721 0.398356 0.173721 0.398356 0.188377
2 0.381842 0.256430 0.381842 0.241774 0.399860 0.241774 0.399860 0.256430
2 0.381654 0.331532 0.381654 0.316877 0.399672 0.316877 0.399672 0.331532
1 0.410118 0.273786 0.410118 0.226972 0.425918 0.226972 0.425918 0.273786
1 0.411674 0.568721 0.411674 0.521907 0.427474 0.521907 0.427474 0.568721
2 0.383268 0.480279 0.383268 0.465623 0.401286 0.465623 0.401286 0.480279
2 0.381481 0.551633 0.381481 0.536978 0.399498 0.536978 0.399498 0.551633
2 0.383404 0.623783 0.383404 0.609127 0.401422 0.609127 0.401422 0.623783
2 0.333207 0.473703 0.344648 0.484594 0.331258 0.494928 0.319817 0.484037
2 0.172634 0.481897 0.185341 0.472091 0.197397 0.483568 0.184691 0.493374
0 0.470395 0.230263 0.839912 0.230263 0.839912 0.535714 0.470395 0.535714
0 0.120614 0.137218 0.440789 0.137218 0.440789 0.407895 0.120614 0.407895
0 0.119518 0.434211 0.444079 0.434211 0.444079 0.659774 0.119518 0.659774