1 0.297997 0.279990 0.339733 0.279990 0.339733 0.293585 0.297997 0.293585
2 0.325447 0.492975 0.354300 0.492975 0.354300 0.516296 0.325447 0.516296
1 0.312613 0.556757 0.327928 0.556757 0.327928 0.569884 0.312613 0.569884
1 0.696725 0.252181 0.709607 0.257330 0.701713 0.271840 0.688831 0.266691
1 0.574406 0.346734 0.574654 0.358915 0.555979 0.359194 0.555731 0.347013
1 0.697025 0.404928 0.709457 0.399022 0.718512 0.413025 0.706081 0.418931
1 0.145340 0.474231 0.145340 0.463601 0.162063 0.463601 0.162063 0.474231
1 0.240498 0.520398 0.246128 0.529870 0.231227 0.536377 0.225597 0.526906
0 0.166667 0.029837 0.497890 0.029837 0.497890 0.307414 0.166667 0.307414
0 0.492616 0.207052 0.853376 0.207052 0.853376 0.498192 0.492616 0.498192
0 0.133966 0.371609 0.464135 0.371609 0.464135 0.577758 0.133966 0.577758
0 0.281646 0.584087 0.700422 0.584087 0.700422 0.830018 0.281646 0.830018