1 0.173407 0.239233 0.223958 0.239233 0.223958 0.252363 0.173407 0.252363
1 0.220588 0.256828 0.267463 0.256828 0.267463 0.271008 0.220588 0.271008
1 0.280637 0.516019 0.303615 0.516019 0.303615 0.529412 0.280637 0.529412
1 0.681000 0.296286 0.701500 0.296286 0.701500 0.308286 0.681000 0.308286
1 0.681167 0.312857 0.701167 0.312857 0.701167 0.323429 0.681167 0.323429
1 0.235069 0.300372 0.255998 0.300372 0.255998 0.313717 0.235069 0.313717
1 0.172537 0.317655 0.188617 0.317655 0.188617 0.329250 0.172537 0.329250
2 0.378702 0.704686 0.394647 0.704686 0.394647 0.720957 0.378702 0.720957
2 0.574791 0.824764 0.591116 0.824764 0.591116 0.841198 0.574791 0.841198
1 0.488095 0.435248 0.488095 0.412069 0.503674 0.412069 0.503674 0.435248
1 0.546737 0.368607 0.546737 0.351262 0.558836 0.351262 0.558836 0.368607
1 0.464897 0.480152 0.464897 0.460539 0.480872 0.460539 0.480872 0.480152
1 0.440413 0.500126 0.440413 0.484483 0.458365 0.484483 0.458365 0.500126
1 0.463120 0.178891 0.463120 0.155711 0.478699 0.155711 0.478699 0.178891
1 0.439415 0.151871 0.439415 0.110330 0.455933 0.110330 0.455933 0.151871
0 0.291311 0.527473 0.658832 0.527473 0.658832 0.851038 0.291311 0.851038
0 0.537749 0.284493 0.825499 0.284493 0.825499 0.516484 0.537749 0.516484
0 0.123219 0.291819 0.522080 0.291819 0.522080 0.527473 0.123219 0.527473
0 0.123219 0.023199 0.512108 0.023199 0.512108 0.280830 0.123219 0.280830