1 0.303535 0.184848 0.337374 0.184848 0.337374 0.198701 0.303535 0.198701
2 0.327273 0.466234 0.354040 0.466234 0.354040 0.489610 0.327273 0.489610
2 0.571869 0.545615 0.590691 0.545615 0.590691 0.566148 0.571869 0.566148
2 0.596851 0.613376 0.614990 0.613376 0.614990 0.628923 0.596851 0.628923
2 0.636550 0.754767 0.654689 0.754767 0.654689 0.773247 0.636550 0.773247
2 0.576660 0.810502 0.594456 0.810502 0.594456 0.826929 0.576660 0.826929
1 0.433949 0.125257 0.433949 0.096509 0.447639 0.096509 0.447639 0.125257
1 0.444448 0.180275 0.488706 0.214432 0.477682 0.224927 0.433423 0.190770
1 0.271562 0.260240 0.285921 0.238036 0.302217 0.245779 0.287858 0.267983
1 0.224942 0.338661 0.258973 0.286038 0.274408 0.293371 0.240377 0.345995
1 0.432984 0.500000 0.432984 0.446912 0.450387 0.446912 0.450387 0.500000
1 0.444639 0.396603 0.444639 0.363136 0.468616 0.363136 0.468616 0.396603
1 0.275519 0.364824 0.331579 0.328614 0.342200 0.340695 0.286139 0.376905
1 0.719697 0.343157 0.772727 0.343157 0.772727 0.359141 0.719697 0.359141
2 0.626174 0.462274 0.645540 0.462274 0.645540 0.489437 0.626174 0.489437
0 0.196528 0.025000 0.497917 0.025000 0.497917 0.226190 0.196528 0.226190
0 0.197917 0.233333 0.485417 0.233333 0.485417 0.536905 0.197917 0.536905
0 0.527083 0.228571 0.781250 0.228571 0.781250 0.528571 0.527083 0.528571
0 0.197917 0.550000 0.434028 0.550000 0.434028 0.851190 0.197917 0.851190
0 0.482639 0.538095 0.722917 0.538095 0.722917 0.864286 0.482639 0.864286