1 0.134409 0.034030 0.174111 0.034030 0.174111 0.048210 0.134409 0.048210
1 0.411497 0.030486 0.467328 0.030486 0.467328 0.046083 0.411497 0.046083
1 0.472291 0.252393 0.489247 0.252393 0.489247 0.265154 0.472291 0.265154
1 0.306452 0.269054 0.330852 0.269054 0.330852 0.282524 0.306452 0.282524
1 0.374500 0.514429 0.426167 0.514429 0.426167 0.528000 0.374500 0.528000
1 0.716367 0.272494 0.741003 0.272494 0.741003 0.287367 0.716367 0.287367
1 0.791131 0.289019 0.806555 0.289019 0.806555 0.301689 0.791131 0.301689
2 0.344322 0.604082 0.361172 0.604082 0.361172 0.619780 0.344322 0.619780
2 0.533700 0.704867 0.549084 0.704867 0.549084 0.721193 0.533700 0.721193
1 0.565705 0.424222 0.565705 0.403846 0.581998 0.403846 0.581998 0.424222
1 0.586004 0.478938 0.586004 0.465778 0.601368 0.465778 0.601368 0.478938
1 0.525817 0.220894 0.525817 0.207735 0.541181 0.207735 0.541181 0.220894
0 0.559848 0.266234 0.859848 0.266234 0.859848 0.518182 0.559848 0.518182
0 0.099242 0.305195 0.534091 0.305195 0.534091 0.542857 0.099242 0.542857
0 0.279545 0.538961 0.665909 0.538961 0.665909 0.831169 0.279545 0.831169
0 0.096212 0.016883 0.553788 0.016883 0.553788 0.296104 0.096212 0.296104