0 0.052374 0.047794 0.418731 0.047794 0.418731 0.358718 0.052374 0.358718
0 0.492074 0.020330 0.931971 0.020330 0.931971 0.377779 0.492074 0.377779
0 0.080753 0.449811 0.423891 0.449811 0.423891 0.553046 0.080753 0.553046
0 0.462590 0.433298 0.933437 0.433298 0.933437 0.548845 0.462590 0.548845
0 0.063983 0.623424 0.417441 0.623424 0.417441 0.792542 0.063983 0.792542
0 0.503870 0.594013 0.930857 0.594013 0.930857 0.797794 0.503870 0.797794
1 0.344737 0.049714 0.405088 0.049714 0.405088 0.061286 0.344737 0.061286
1 0.867193 0.027857 0.928246 0.027857 0.928246 0.041286 0.867193 0.041286
1 0.675789 0.524571 0.760000 0.524571 0.760000 0.545571 0.675789 0.545571
1 0.204912 0.529714 0.275263 0.529714 0.275263 0.551571 0.204912 0.551571
1 0.416070 0.464609 0.416070 0.498489 0.400700 0.498489 0.400700 0.464609
1 0.463839 0.492035 0.463839 0.459661 0.478354 0.459661 0.478354 0.492035