1 0.401477 0.043855 0.440499 0.043855 0.440499 0.055935 0.401477 0.055935
1 0.240019 0.529041 0.280982 0.529041 0.280982 0.550791 0.240019 0.550791
1 0.660359 0.526485 0.719081 0.526485 0.719081 0.546950 0.660359 0.546950
1 0.828421 0.040714 0.868421 0.040714 0.868421 0.052857 0.828421 0.052857
1 0.435867 0.457460 0.435482 0.439470 0.450114 0.439262 0.450500 0.457252
1 0.413645 0.487460 0.413314 0.472004 0.427502 0.471802 0.427833 0.487259
1 0.490351 0.455571 0.490351 0.439286 0.502827 0.439286 0.502827 0.455571
1 0.508772 0.487429 0.508772 0.471143 0.521248 0.471143 0.521248 0.487429
0 0.106791 0.036958 0.444575 0.036958 0.444575 0.298507 0.106791 0.298507
0 0.536222 0.031272 0.872261 0.031272 0.872261 0.296375 0.536222 0.296375
0 0.129484 0.379531 0.457668 0.379531 0.457668 0.555792 0.129484 0.555792
0 0.486471 0.380242 0.861788 0.380242 0.861788 0.550817 0.486471 0.550817
0 0.554552 0.580668 0.871389 0.580668 0.871389 0.805970 0.554552 0.805970
0 0.112900 0.603412 0.423627 0.603412 0.423627 0.793888 0.112900 0.793888