1 0.399010 0.221612 0.425551 0.221612 0.425551 0.233333 0.399010 0.233333
1 0.482231 0.239927 0.511021 0.239927 0.511021 0.251648 0.482231 0.251648
1 0.154031 0.461775 0.173664 0.461775 0.173664 0.474482 0.154031 0.474482
1 0.680828 0.159992 0.680351 0.122857 0.696189 0.122722 0.696667 0.159857
1 0.409044 0.027671 0.444421 0.067322 0.431904 0.074727 0.396526 0.035077
1 0.293509 0.155143 0.293296 0.138595 0.306596 0.138481 0.306808 0.155029
1 0.180374 0.349821 0.208772 0.329000 0.218609 0.337896 0.190211 0.358717
1 0.541930 0.323571 0.601976 0.338520 0.596911 0.352011 0.536865 0.337062
0 0.289241 0.025284 0.702996 0.025284 0.702996 0.258534 0.289241 0.258534
0 0.317963 0.301517 0.676603 0.301517 0.676603 0.448167 0.317963 0.448167
0 0.748020 0.295828 0.936656 0.295828 0.936656 0.450063 0.748020 0.450063
0 0.071883 0.303413 0.258190 0.303413 0.258190 0.481037 0.071883 0.481037
0 0.060803 0.489237 0.454939 0.489237 0.454939 0.772016 0.060803 0.772016
0 0.536650 0.479452 0.944004 0.479452 0.944004 0.757339 0.536650 0.757339