1 0.831579 0.652429 0.831579 0.603429 0.846316 0.603429 0.846316 0.652429
1 0.805789 0.680286 0.805789 0.638000 0.818070 0.638000 0.818070 0.680286
1 0.710383 0.755855 0.763769 0.755855 0.763769 0.768882 0.710383 0.768882
1 0.221228 0.758000 0.273684 0.758000 0.273684 0.770571 0.221228 0.770571
1 0.294561 0.778714 0.357544 0.778714 0.357544 0.791286 0.294561 0.791286
1 0.067018 0.759571 0.118947 0.759571 0.118947 0.772143 0.067018 0.772143
1 0.335088 0.430714 0.396667 0.430714 0.396667 0.441857 0.335088 0.441857
0 0.122341 0.201643 0.528334 0.201643 0.528334 0.309102 0.122341 0.309102
0 0.550846 0.079014 0.921907 0.079014 0.921907 0.467130 0.550846 0.467130
0 0.673498 0.453224 0.855147 0.453224 0.855147 0.776233 0.673498 0.776233
0 0.064120 0.426675 0.529887 0.426675 0.529887 0.797092 0.064120 0.797092