0 0.114293 0.065651 0.502580 0.065651 0.502580 0.267332 0.114293 0.267332
0 0.052374 0.576155 0.453560 0.576155 0.453560 0.869223 0.052374 0.869223
1 0.468845 0.497301 0.480777 0.497301 0.480777 0.509176 0.468845 0.509176
1 0.442331 0.516733 0.461775 0.516733 0.461775 0.528248 0.442331 0.528248
1 0.291197 0.535444 0.334062 0.535444 0.334062 0.547319 0.291197 0.547319
1 0.143219 0.500607 0.155138 0.500607 0.155138 0.512284 0.143219 0.512284
1 0.775615 0.494844 0.796792 0.494844 0.796792 0.506509 0.775615 0.506509
1 0.727655 0.514117 0.749040 0.514117 0.749040 0.525613 0.727655 0.525613
1 0.886140 0.418429 0.886140 0.400714 0.900000 0.400714 0.900000 0.418429
1 0.863684 0.456286 0.863684 0.440714 0.876316 0.440714 0.876316 0.456286
1 0.772068 0.436105 0.800526 0.468000 0.787154 0.475911 0.758696 0.444015
0 0.487951 0.544741 0.948718 0.544741 0.948718 0.861852 0.487951 0.861852
0 0.611336 0.328885 0.906304 0.328885 0.906304 0.529827 0.611336 0.529827
0 0.115867 0.335165 0.504338 0.335165 0.504338 0.551805 0.115867 0.551805