1 0.563632 0.016672 0.613413 0.016672 0.613413 0.030729 0.563632 0.030729
1 0.480128 0.159202 0.498595 0.159202 0.498595 0.170644 0.480128 0.170644
1 0.668012 0.188951 0.678851 0.188951 0.678851 0.200392 0.668012 0.200392
1 0.666807 0.033017 0.678450 0.033017 0.678450 0.043805 0.666807 0.043805
1 0.309123 0.125531 0.370127 0.125531 0.370127 0.137286 0.309123 0.137286
1 0.246042 0.191202 0.255670 0.191202 0.255670 0.203397 0.246042 0.203397
1 0.629280 0.234801 0.678933 0.234801 0.678933 0.247379 0.629280 0.247379
1 0.290172 0.454927 0.340928 0.454927 0.340928 0.467206 0.290172 0.467206
1 0.456416 0.469602 0.477381 0.469602 0.477381 0.480982 0.456416 0.480982
1 0.332105 0.507000 0.348947 0.507000 0.348947 0.522571 0.332105 0.522571
1 0.563158 0.766714 0.579123 0.766714 0.579123 0.783714 0.563158 0.783714
1 0.724561 0.112000 0.724484 0.129956 0.740000 0.130000 0.740077 0.112044
1 0.702281 0.171857 0.702240 0.181380 0.719298 0.181429 0.719339 0.171906
1 0.701228 0.060714 0.701187 0.070237 0.718246 0.070286 0.718286 0.060763
1 0.510526 0.091143 0.494557 0.102367 0.503860 0.111143 0.519829 0.099919
1 0.411848 0.103182 0.411783 0.118424 0.426229 0.118465 0.426294 0.103223
1 0.209814 0.120816 0.209772 0.130673 0.224344 0.130714 0.224386 0.120857
1 0.190877 0.105714 0.190703 0.146243 0.205614 0.146286 0.205788 0.105757
1 0.348947 0.081429 0.299505 0.096722 0.305025 0.108554 0.354467 0.093261
1 0.416429 0.285586 0.416364 0.300828 0.430810 0.300869 0.430875 0.285627
1 0.209257 0.421678 0.209146 0.447483 0.223839 0.447525 0.223949 0.421720
1 0.470351 0.420429 0.446562 0.400922 0.434911 0.410343 0.458700 0.429850
1 0.288462 0.280735 0.259024 0.314715 0.272687 0.322563 0.302124 0.288583
1 0.725038 0.334678 0.724871 0.373592 0.741276 0.373638 0.741443 0.334725
0 0.186717 0.014075 0.745873 0.014075 0.745873 0.208304 0.186717 0.208304
0 0.205730 0.232231 0.747602 0.232231 0.747602 0.487685 0.205730 0.487685
0 0.262769 0.500352 0.687970 0.500352 0.687970 0.822660 0.262769 0.822660