1 0.762483 0.217949 0.783626 0.217949 0.783626 0.231868 0.762483 0.231868
1 0.834751 0.208512 0.857396 0.226951 0.846303 0.235984 0.823658 0.217545
1 0.445896 0.347084 0.486140 0.340714 0.488916 0.352340 0.448671 0.358710
1 0.407981 0.367374 0.435965 0.378000 0.429702 0.388936 0.401719 0.378310
1 0.323593 0.465085 0.345789 0.418000 0.360363 0.422555 0.338167 0.469640
1 0.342830 0.464653 0.384737 0.471286 0.381786 0.483649 0.339879 0.477016
1 0.151037 0.437241 0.162281 0.423143 0.176682 0.430759 0.165439 0.444857
1 0.120930 0.481970 0.148947 0.472286 0.154782 0.483478 0.126764 0.493162
0 0.162136 0.021193 0.603624 0.021193 0.603624 0.221350 0.162136 0.221350
0 0.652786 0.015699 0.860035 0.015699 0.860035 0.237049 0.652786 0.237049
0 0.118758 0.271083 0.605552 0.271083 0.605552 0.565149 0.118758 0.565149
0 0.081164 0.565934 0.508194 0.565934 0.508194 0.824961 0.081164 0.824961
0 0.500482 0.559655 0.930403 0.559655 0.930403 0.817896 0.500482 0.817896