1 0.439498 0.067868 0.484890 0.088357 0.477097 0.099805 0.431705 0.079316
1 0.379404 0.478448 0.430938 0.478448 0.430938 0.491308 0.379404 0.491308
1 0.626801 0.377160 0.643174 0.368167 0.651445 0.378151 0.635071 0.387144
1 0.830161 0.339211 0.859742 0.330917 0.864791 0.342857 0.835210 0.351151
1 0.885906 0.344534 0.945821 0.341294 0.946957 0.355216 0.887042 0.358456
1 0.095052 0.454278 0.104577 0.417790 0.121078 0.420647 0.111554 0.457134
1 0.043468 0.362079 0.065103 0.332760 0.076179 0.338179 0.054545 0.367498
1 0.544753 0.258034 0.567310 0.227465 0.580523 0.233930 0.557966 0.264499
1 0.214483 0.134446 0.274386 0.137857 0.273171 0.152011 0.213267 0.148600
1 0.239002 0.192979 0.264561 0.177857 0.273550 0.187931 0.247990 0.203053
1 0.441619 0.134791 0.463333 0.127286 0.469867 0.139820 0.448153 0.147325
1 0.303354 0.080793 0.324211 0.082429 0.322666 0.095491 0.301809 0.093856
0 0.039715 0.055730 0.951610 0.055730 0.951610 0.581633 0.039715 0.581633
0 0.529234 0.482911 0.910160 0.815542 0.768679 0.922973 0.387752 0.590343
0 0.216936 0.520535 0.545788 0.807692 0.415235 0.906825 0.086384 0.619668