1 0.774467 0.187918 0.804211 0.181429 0.808515 0.194510 0.778772 0.201000
1 0.741336 0.237141 0.772363 0.234039 0.774202 0.246238 0.743175 0.249340
1 0.763336 0.128376 0.781406 0.136199 0.774471 0.146819 0.756401 0.138996
1 0.804332 0.130266 0.829346 0.141096 0.822780 0.151151 0.797766 0.140321
1 0.845426 0.130270 0.870440 0.141101 0.863875 0.151156 0.838860 0.140325
1 0.686257 0.161891 0.697018 0.146714 0.710242 0.152932 0.699482 0.168108
1 0.650966 0.178631 0.665088 0.158714 0.678866 0.165192 0.664745 0.185108
1 0.580421 0.317330 0.580421 0.299473 0.594622 0.299473 0.594622 0.317330
1 0.740163 0.335638 0.755756 0.294106 0.778010 0.299646 0.762417 0.341178
1 0.115525 0.338544 0.135055 0.338544 0.135055 0.349865 0.115525 0.349865
1 0.142708 0.201759 0.168892 0.201759 0.168892 0.213486 0.142708 0.213486
1 0.063065 0.397920 0.063422 0.381265 0.079129 0.381488 0.078772 0.398143
1 0.044788 0.426765 0.045267 0.404409 0.060691 0.404628 0.060212 0.426984
1 0.178585 0.382615 0.202456 0.367429 0.212042 0.377420 0.188171 0.392606
1 0.061754 0.247714 0.061754 0.206857 0.077895 0.206857 0.077895 0.247714
1 0.164604 0.138964 0.225981 0.114587 0.233050 0.126389 0.171673 0.150766
1 0.332145 0.079045 0.370317 0.110128 0.358306 0.119908 0.320134 0.088826
1 0.763804 0.440990 0.793564 0.402209 0.808729 0.409925 0.778969 0.448706
1 0.317618 0.321895 0.329232 0.331353 0.313797 0.343921 0.302183 0.334464
1 0.218306 0.239838 0.229684 0.249104 0.215709 0.260484 0.204330 0.251218
0 0.053801 0.074286 0.476023 0.074286 0.476023 0.349524 0.053801 0.349524
0 0.040936 0.334286 0.479532 0.334286 0.479532 0.472381 0.040936 0.472381
0 0.473684 0.100952 0.942690 0.100952 0.942690 0.452381 0.473684 0.452381
0 0.067836 0.520000 0.402339 0.520000 0.402339 0.825714 0.067836 0.825714
0 0.476023 0.554286 0.920468 0.554286 0.920468 0.822857 0.476023 0.822857