1 0.501038 0.269052 0.521200 0.269052 0.521200 0.280814 0.501038 0.280814
1 0.641246 0.267520 0.692749 0.267520 0.692749 0.280385 0.641246 0.280385
1 0.379080 0.298392 0.421780 0.298392 0.421780 0.314212 0.379080 0.314212
1 0.539173 0.421479 0.587699 0.421479 0.587699 0.433300 0.539173 0.433300
1 0.539173 0.440392 0.587284 0.440392 0.587284 0.452212 0.539173 0.452212
1 0.635239 0.439320 0.654679 0.439320 0.654679 0.451436 0.635239 0.451436
1 0.502040 0.460621 0.529880 0.460621 0.529880 0.473129 0.502040 0.473129
1 0.809649 0.420000 0.828947 0.420000 0.828947 0.430714 0.809649 0.430714
1 0.809123 0.435143 0.828596 0.435143 0.828596 0.447857 0.809123 0.447857
1 0.855307 0.306228 0.883860 0.301286 0.887014 0.313371 0.858461 0.318313
1 0.778188 0.259897 0.795370 0.278464 0.784317 0.285246 0.767135 0.266679
1 0.476667 0.194857 0.487540 0.210192 0.472049 0.217475 0.461176 0.202140
1 0.304619 0.335187 0.329366 0.370090 0.316191 0.376284 0.291444 0.341381
1 0.230463 0.306256 0.235925 0.313959 0.224884 0.319150 0.219422 0.311446
1 0.667172 0.363559 0.666955 0.346704 0.682239 0.346573 0.682456 0.363429
1 0.152745 0.183741 0.162496 0.197493 0.150175 0.203286 0.140424 0.189533
1 0.171166 0.175026 0.180917 0.188779 0.168596 0.194571 0.158845 0.180819
1 0.186869 0.161655 0.202105 0.183143 0.188994 0.189307 0.173758 0.167819
1 0.232450 0.222092 0.242743 0.217821 0.249251 0.228223 0.238959 0.232493
1 0.123585 0.322859 0.142066 0.314518 0.149358 0.325230 0.130877 0.333571
1 0.268592 0.258445 0.287072 0.250104 0.294364 0.260816 0.275884 0.269158
1 0.168243 0.083592 0.224502 0.057143 0.231596 0.067149 0.175337 0.093598
1 0.245439 0.083429 0.271535 0.092449 0.265439 0.104143 0.239343 0.095123
1 0.395217 0.317874 0.451350 0.343210 0.444156 0.353778 0.388023 0.328442
1 0.459779 0.382263 0.459649 0.372143 0.473729 0.372023 0.473860 0.382143
1 0.668516 0.464850 0.667993 0.424204 0.683046 0.424075 0.683569 0.464721
0 0.741228 0.196064 0.892499 0.196064 0.892499 0.458455 0.741228 0.458455
0 0.088704 0.048105 0.696473 0.048105 0.696473 0.507289 0.088704 0.507289
0 0.506907 0.502812 0.906133 0.502812 0.906133 0.816648 0.506907 0.816648
0 0.092485 0.571429 0.484805 0.571429 0.484805 0.820022 0.092485 0.820022