1 0.237008 0.021024 0.256207 0.021024 0.256207 0.033423 0.237008 0.033423
1 0.093941 0.238426 0.156162 0.238426 0.156162 0.250745 0.093941 0.250745
1 0.095558 0.360790 0.133632 0.360790 0.133632 0.374164 0.095558 0.374164
1 0.238522 0.359574 0.258305 0.359574 0.258305 0.371429 0.238522 0.371429
1 0.354610 0.549848 0.382605 0.549848 0.382605 0.561398 0.354610 0.561398
1 0.799123 0.354143 0.821228 0.354143 0.821228 0.366714 0.799123 0.366714
1 0.415357 0.140612 0.433527 0.145419 0.428204 0.158759 0.410034 0.153951
1 0.262249 0.136006 0.313696 0.149618 0.308338 0.163044 0.256892 0.149433
1 0.594159 0.161951 0.612952 0.180188 0.601579 0.187959 0.582785 0.169722
1 0.498087 0.183289 0.514437 0.163552 0.526745 0.170312 0.510396 0.190050
1 0.587868 0.114204 0.588242 0.096749 0.604058 0.096974 0.603684 0.114429
1 0.123072 0.426441 0.123441 0.409218 0.137682 0.409420 0.137313 0.426643
1 0.104373 0.474099 0.104709 0.458422 0.119034 0.458626 0.118698 0.474302
1 0.587803 0.538208 0.588027 0.527758 0.603557 0.527978 0.603333 0.538429
1 0.880784 0.370550 0.907895 0.357286 0.916647 0.369147 0.889537 0.382411
1 0.890590 0.404275 0.914912 0.418143 0.906438 0.427998 0.882116 0.414130
1 0.249573 0.251355 0.264386 0.248857 0.267092 0.259498 0.252279 0.261996
0 0.085913 0.018519 0.615335 0.018519 0.615335 0.357668 0.085913 0.357668
0 0.731211 0.350088 0.921811 0.350088 0.921811 0.548501 0.731211 0.548501
0 0.149664 0.569665 0.484520 0.569665 0.484520 0.836660 0.149664 0.836660
0 0.510320 0.564601 0.853457 0.564601 0.853457 0.834559 0.510320 0.834559
0 0.084623 0.356618 0.611300 0.356618 0.611300 0.565651 0.084623 0.565651