1 0.343616 0.356592 0.396608 0.356592 0.396608 0.368895 0.343616 0.368895
1 0.339557 0.373485 0.400442 0.373485 0.400442 0.386155 0.339557 0.386155
1 0.340213 0.422969 0.400413 0.422969 0.400413 0.434734 0.340213 0.434734
1 0.359821 0.436975 0.380461 0.436975 0.380461 0.448739 0.359821 0.448739
1 0.316286 0.558722 0.386272 0.558722 0.386272 0.571429 0.316286 0.571429
1 0.553158 0.202429 0.553158 0.176714 0.567719 0.176714 0.567719 0.202429
1 0.531496 0.092980 0.531496 0.075478 0.546822 0.075478 0.546822 0.092980
1 0.637499 0.155007 0.637499 0.113773 0.652660 0.113773 0.652660 0.155007
1 0.533726 0.336609 0.533726 0.292265 0.548578 0.292265 0.548578 0.336609
1 0.240914 0.294533 0.240914 0.277566 0.255562 0.277566 0.255562 0.294533
1 0.554038 0.528017 0.554038 0.483674 0.568890 0.483674 0.568890 0.528017
1 0.534912 0.518143 0.534912 0.475674 0.548715 0.475674 0.548715 0.518143
1 0.478540 0.493120 0.517880 0.466240 0.526884 0.474977 0.487544 0.501857
1 0.229208 0.465908 0.253845 0.470172 0.250798 0.481844 0.226161 0.477579
1 0.667886 0.334618 0.672179 0.314793 0.686859 0.316901 0.682566 0.336725
1 0.671587 0.233565 0.708246 0.203714 0.719277 0.212697 0.682618 0.242548
0 0.200248 0.027169 0.575880 0.027169 0.575880 0.389132 0.200248 0.389132
0 0.632924 0.026293 0.778226 0.026293 0.778226 0.350570 0.632924 0.350570
0 0.212087 0.418931 0.575880 0.418931 0.575880 0.575811 0.212087 0.575811
0 0.045659 0.582418 0.948343 0.582418 0.948343 0.832723 0.045659 0.832723