1 0.311861 0.337181 0.332536 0.337181 0.332536 0.350649 0.311861 0.350649
1 0.363843 0.420394 0.383336 0.420394 0.383336 0.432900 0.363843 0.432900
1 0.691683 0.728235 0.716492 0.728235 0.716492 0.742665 0.691683 0.742665
1 0.192536 0.402461 0.192536 0.368425 0.208436 0.368425 0.208436 0.402461
1 0.172310 0.434646 0.172310 0.419344 0.186990 0.419344 0.186990 0.434646
1 0.418175 0.503779 0.431803 0.490555 0.443131 0.498295 0.429504 0.511520
1 0.392181 0.528683 0.439759 0.548423 0.431993 0.560835 0.384415 0.541095
1 0.710949 0.426227 0.724309 0.428739 0.721122 0.439981 0.707761 0.437470
1 0.758413 0.356958 0.771298 0.360777 0.766452 0.371620 0.753567 0.367801
1 0.774115 0.281197 0.787001 0.285016 0.782154 0.295858 0.769269 0.292039
1 0.662933 0.368949 0.694928 0.305426 0.713680 0.311688 0.681685 0.375212
1 0.535965 0.571143 0.547744 0.565826 0.554957 0.576422 0.543178 0.581739
1 0.597668 0.228856 0.615894 0.220630 0.623553 0.231881 0.605327 0.240108
1 0.697914 0.197375 0.716695 0.188897 0.724512 0.200381 0.705731 0.208859
1 0.603293 0.239159 0.621053 0.231143 0.628931 0.242716 0.611171 0.250732
1 0.800760 0.206886 0.811712 0.221158 0.796788 0.228752 0.785836 0.214480
1 0.850452 0.276640 0.861813 0.291446 0.848171 0.298387 0.836810 0.283582
1 0.539705 0.426280 0.550454 0.440286 0.535903 0.447690 0.525155 0.433683
1 0.240355 0.236443 0.263687 0.219927 0.273601 0.229214 0.250269 0.245729
0 0.216202 0.031746 0.556760 0.031746 0.556760 0.276377 0.216202 0.276377
0 0.168043 0.170868 0.878970 0.170868 0.878970 0.593838 0.168043 0.593838
0 0.126763 0.557423 0.447827 0.557423 0.447827 0.829132 0.126763 0.829132
0 0.497133 0.551821 0.819344 0.551821 0.819344 0.828198 0.497133 0.828198