0 0.093653 0.559349 0.510320 0.559349 0.510320 0.826155 0.093653 0.826155
0 0.528380 0.567752 0.898607 0.567752 0.898607 0.806197 0.528380 0.806197
1 0.443470 0.242063 0.494639 0.242063 0.494639 0.255556 0.443470 0.255556
1 0.287037 0.241667 0.318226 0.241667 0.318226 0.255159 0.287037 0.255159
1 0.830741 0.381966 0.880096 0.381966 0.880096 0.399189 0.830741 0.399189
1 0.344534 0.067839 0.392937 0.067839 0.392937 0.084396 0.344534 0.084396
1 0.211170 0.117173 0.240186 0.125772 0.234860 0.137688 0.205844 0.129088
1 0.063260 0.188761 0.129062 0.168193 0.134544 0.179820 0.068742 0.200388
1 0.076803 0.220478 0.135915 0.189219 0.144246 0.199665 0.085133 0.230924
1 0.562949 0.264938 0.606343 0.229603 0.617240 0.238475 0.573846 0.273811
1 0.735252 0.125896 0.775293 0.093291 0.786997 0.102821 0.746955 0.135426
1 0.585646 0.319916 0.585646 0.304284 0.600509 0.304284 0.600509 0.319916
0 0.057113 0.027950 0.434687 0.027950 0.434687 0.258540 0.057113 0.258540
0 0.440408 0.041149 0.859935 0.041149 0.859935 0.328416 0.440408 0.328416
0 0.606312 0.343944 0.945748 0.343944 0.945748 0.563665 0.606312 0.563665