1 0.641515 0.174567 0.691698 0.174567 0.691698 0.186662 0.641515 0.186662
1 0.737866 0.293233 0.782027 0.293233 0.782027 0.304675 0.737866 0.304675
1 0.093684 0.228571 0.169149 0.191649 0.178040 0.203698 0.102576 0.240621
1 0.810816 0.075197 0.839126 0.061345 0.847986 0.073352 0.819676 0.087204
1 0.681299 0.128552 0.681299 0.085832 0.698145 0.085832 0.698145 0.128552
1 0.636638 0.099745 0.636638 0.082387 0.654104 0.082387 0.654104 0.099745
1 0.525733 0.102784 0.525733 0.087017 0.541360 0.087017 0.541360 0.102784
1 0.421311 0.096218 0.421311 0.080588 0.434652 0.080588 0.434652 0.096218
1 0.834637 0.343639 0.834637 0.328755 0.849687 0.328755 0.849687 0.343639
1 0.857739 0.355560 0.857739 0.318634 0.871796 0.318634 0.871796 0.355560
1 0.592492 0.276236 0.611579 0.257714 0.623259 0.265695 0.604172 0.284217
1 0.494685 0.428526 0.514035 0.419429 0.521605 0.430106 0.502255 0.439203
1 0.470339 0.462170 0.514014 0.441638 0.521026 0.451527 0.477351 0.472060
1 0.595210 0.345017 0.620602 0.358444 0.612734 0.368310 0.587342 0.354883
1 0.240351 0.481143 0.249850 0.494016 0.236314 0.500639 0.226815 0.487766
1 0.216441 0.487826 0.235439 0.513571 0.223883 0.519225 0.204885 0.493480
1 0.337131 0.365427 0.348131 0.407932 0.331785 0.410737 0.320785 0.368232
0 0.237324 0.027473 0.850395 0.027473 0.850395 0.195447 0.237324 0.195447
0 0.089840 0.178964 0.879314 0.178964 0.879314 0.518053 0.089840 0.518053
0 0.119683 0.512720 0.535448 0.512720 0.535448 0.830724 0.119683 0.830724
0 0.418986 0.454012 0.867099 0.454012 0.867099 0.832759 0.418986 0.832759