1 0.464484 0.307198 0.484328 0.307198 0.484328 0.319501 0.464484 0.319501
1 0.385785 0.325744 0.406756 0.325744 0.406756 0.338414 0.385785 0.338414
1 0.192312 0.822730 0.241996 0.822730 0.241996 0.834984 0.192312 0.834984
1 0.283639 0.822562 0.301575 0.822562 0.301575 0.834480 0.283639 0.834480
1 0.804211 0.404143 0.824386 0.404143 0.824386 0.415714 0.804211 0.415714
1 0.801754 0.420143 0.852281 0.420143 0.852281 0.432571 0.801754 0.432571
1 0.850000 0.435429 0.869298 0.435429 0.869298 0.447714 0.850000 0.447714
1 0.801930 0.303000 0.816316 0.303000 0.816316 0.319286 0.801930 0.319286
1 0.622982 0.081286 0.638421 0.081286 0.638421 0.097286 0.622982 0.097286
1 0.476569 0.238476 0.501338 0.251574 0.493965 0.260819 0.469196 0.247721
1 0.328326 0.255367 0.353333 0.242143 0.361582 0.252486 0.336575 0.265710
1 0.541355 0.185768 0.540938 0.166318 0.555781 0.166107 0.556198 0.185557
1 0.570266 0.222655 0.569932 0.207079 0.584397 0.206874 0.584731 0.222449
1 0.685796 0.583343 0.751794 0.606155 0.745743 0.617764 0.679744 0.594952
1 0.253382 0.479813 0.280071 0.470588 0.285666 0.481321 0.258977 0.490546
1 0.224957 0.579197 0.282117 0.558474 0.288952 0.570973 0.231791 0.591697
1 0.077692 0.432634 0.121722 0.466068 0.110705 0.475688 0.066675 0.442255
1 0.058677 0.691064 0.058677 0.650260 0.075484 0.650260 0.075484 0.691064
1 0.229672 0.805963 0.229672 0.787826 0.244928 0.787826 0.244928 0.805963
1 0.229977 0.777143 0.229977 0.767329 0.243555 0.767329 0.243555 0.777143
0 0.089388 0.127082 0.592025 0.127082 0.592025 0.343558 0.089388 0.343558
0 0.595253 0.016652 0.923528 0.016652 0.923528 0.399649 0.595253 0.399649
0 0.592025 0.399649 0.888010 0.399649 0.888010 0.820333 0.592025 0.820333
0 0.056886 0.421214 0.537271 0.421214 0.537271 0.841202 0.056886 0.841202