1 0.480407 0.018469 0.531235 0.018469 0.531235 0.031820 0.480407 0.031820
1 0.358255 0.051847 0.387495 0.051847 0.387495 0.064530 0.358255 0.064530
1 0.360168 0.111482 0.389681 0.111482 0.389681 0.123053 0.360168 0.123053
1 0.329298 0.341286 0.381053 0.341286 0.381053 0.353143 0.329298 0.353143
1 0.573684 0.347571 0.601930 0.347571 0.601930 0.359429 0.573684 0.359429
1 0.573509 0.364286 0.602281 0.364286 0.602281 0.376714 0.573509 0.376714
1 0.573684 0.380286 0.601579 0.380286 0.601579 0.388714 0.573684 0.388714
1 0.465268 0.051658 0.489474 0.037857 0.497763 0.047497 0.473557 0.061298
1 0.202502 0.202762 0.202835 0.187249 0.217552 0.187458 0.217219 0.202971
1 0.185271 0.218110 0.185271 0.170519 0.200349 0.170519 0.200349 0.218110
1 0.683684 0.457714 0.683684 0.441761 0.699825 0.441761 0.699825 0.457714
1 0.708772 0.491143 0.708772 0.463618 0.722982 0.463618 0.722982 0.491143
1 0.661579 0.469857 0.661579 0.432046 0.677018 0.432046 0.677018 0.469857
1 0.684012 0.545078 0.684012 0.490600 0.699882 0.490600 0.699882 0.545078
1 0.205258 0.539699 0.205258 0.523611 0.220442 0.523611 0.220442 0.539699
1 0.205075 0.487412 0.205075 0.476064 0.219128 0.476064 0.219128 0.487412
1 0.369365 0.452289 0.396842 0.505000 0.383461 0.509625 0.355984 0.456914
0 0.179276 0.014031 0.666432 0.014031 0.666432 0.360332 0.179276 0.360332
0 0.199480 0.344797 0.732294 0.344797 0.732294 0.618166 0.199480 0.618166
0 0.079190 0.608295 0.485043 0.608295 0.485043 0.821593 0.079190 0.821593
0 0.512531 0.515471 0.920002 0.515471 0.920002 0.815668 0.512531 0.815668