1 0.592117 0.106500 0.619572 0.112491 0.615911 0.123617 0.588455 0.117626
1 0.464058 0.101444 0.493122 0.107786 0.488858 0.120743 0.459794 0.114402
1 0.801404 0.170286 0.816306 0.182852 0.803964 0.192558 0.789061 0.179991
1 0.836774 0.200846 0.851202 0.213012 0.840576 0.221368 0.826148 0.209202
1 0.659927 0.196733 0.680095 0.180874 0.690761 0.189867 0.670592 0.205726
1 0.673746 0.208377 0.693914 0.192518 0.704579 0.201511 0.684411 0.217370
1 0.626210 0.226701 0.639906 0.261023 0.622979 0.265501 0.609284 0.231179
1 0.685887 0.272080 0.700702 0.284571 0.689690 0.293230 0.674876 0.280738
1 0.665943 0.299502 0.690000 0.310857 0.682434 0.321485 0.658377 0.310130
1 0.724401 0.676471 0.756794 0.676471 0.756794 0.688609 0.724401 0.688609
1 0.628604 0.848117 0.660525 0.848117 0.660525 0.861500 0.628604 0.861500
1 0.394153 0.690011 0.424366 0.690011 0.424366 0.702969 0.394153 0.702969
1 0.305124 0.851730 0.334532 0.851730 0.334532 0.864031 0.305124 0.864031
1 0.415306 0.484274 0.415306 0.465138 0.432291 0.465138 0.432291 0.484274
1 0.452756 0.379303 0.452756 0.334366 0.468794 0.334366 0.468794 0.379303
1 0.637261 0.369991 0.658446 0.369991 0.658446 0.380952 0.637261 0.380952
1 0.680735 0.369991 0.700596 0.369991 0.700596 0.381671 0.680735 0.381671
1 0.603498 0.430728 0.633951 0.430728 0.633951 0.444025 0.603498 0.444025
1 0.651164 0.502965 0.672128 0.502965 0.672128 0.515184 0.651164 0.515184
1 0.620931 0.520036 0.642558 0.520036 0.642558 0.531716 0.620931 0.531716
1 0.287544 0.368000 0.307018 0.368000 0.307018 0.381143 0.287544 0.381143
1 0.286842 0.503429 0.307544 0.503429 0.307544 0.516714 0.286842 0.516714
1 0.286667 0.521571 0.307544 0.521571 0.307544 0.532286 0.286667 0.532286
1 0.285789 0.536429 0.306842 0.536429 0.306842 0.549143 0.285789 0.549143
0 0.178523 0.182104 0.438789 0.182104 0.438789 0.552590 0.178523 0.552590
0 0.447465 0.052590 0.855215 0.052590 0.855215 0.540031 0.447465 0.540031
0 0.182379 0.539246 0.780027 0.539246 0.780027 0.876766 0.182379 0.876766