1 0.452891 0.431746 0.482781 0.431746 0.482781 0.443386 0.452891 0.443386
1 0.369396 0.496032 0.433236 0.496032 0.433236 0.509524 0.369396 0.509524
1 0.258285 0.411111 0.287524 0.411111 0.287524 0.424206 0.258285 0.424206
1 0.659887 0.290789 0.680508 0.294975 0.676580 0.307802 0.655960 0.303616
1 0.642522 0.330731 0.672564 0.325976 0.675758 0.339357 0.645716 0.344112
1 0.607699 0.276976 0.614240 0.302031 0.598547 0.304747 0.592007 0.279692
1 0.569968 0.266954 0.585789 0.287571 0.573281 0.293936 0.557460 0.273319
1 0.226293 0.503137 0.256597 0.526148 0.245445 0.535886 0.215141 0.512875
1 0.152056 0.465831 0.181211 0.459023 0.185461 0.471092 0.156306 0.477900
1 0.190966 0.404927 0.206316 0.392857 0.215811 0.400863 0.200461 0.412934
1 0.472603 0.252095 0.498200 0.239071 0.506638 0.250067 0.481041 0.263092
1 0.386936 0.155534 0.398364 0.153386 0.401831 0.165613 0.390403 0.167761
1 0.684386 0.148857 0.690241 0.194220 0.673931 0.195616 0.668076 0.150253
1 0.575868 0.238571 0.575868 0.220021 0.591228 0.220021 0.591228 0.238571
1 0.691852 0.137808 0.756046 0.137808 0.756046 0.150579 0.691852 0.150579
1 0.615452 0.083972 0.617484 0.075460 0.632632 0.077857 0.630600 0.086369
1 0.575535 0.470738 0.575535 0.462714 0.589474 0.462714 0.589474 0.470738
1 0.580421 0.317330 0.580421 0.299473 0.594622 0.299473 0.594622 0.317330
1 0.580421 0.317330 0.580421 0.299473 0.594622 0.299473 0.594622 0.317330
1 0.580421 0.317330 0.580421 0.299473 0.594622 0.299473 0.594622 0.317330
1 0.580421 0.317330 0.580421 0.299473 0.594622 0.299473 0.594622 0.317330
1 0.580421 0.317330 0.580421 0.299473 0.594622 0.299473 0.594622 0.317330
1 0.580421 0.317330 0.580421 0.299473 0.594622 0.299473 0.594622 0.317330
1 0.580421 0.317330 0.580421 0.299473 0.594622 0.299473 0.594622 0.317330
1 0.580421 0.317330 0.580421 0.299473 0.594622 0.299473 0.594622 0.317330
1 0.580421 0.317330 0.580421 0.299473 0.594622 0.299473 0.594622 0.317330
1 0.580421 0.317330 0.580421 0.299473 0.594622 0.299473 0.594622 0.317330
1 0.580421 0.317330 0.580421 0.299473 0.594622 0.299473 0.594622 0.317330
1 0.580421 0.317330 0.580421 0.299473 0.594622 0.299473 0.594622 0.317330
1 0.580421 0.317330 0.580421 0.299473 0.594622 0.299473 0.594622 0.317330
1 0.580421 0.317330 0.580421 0.299473 0.594622 0.299473 0.594622 0.317330
1 0.580421 0.317330 0.580421 0.299473 0.594622 0.299473 0.594622 0.317330
1 0.580421 0.317330 0.580421 0.299473 0.594622 0.299473 0.594622 0.317330
1 0.580421 0.317330 0.580421 0.299473 0.594622 0.299473 0.594622 0.317330
1 0.580421 0.317330 0.580421 0.299473 0.594622 0.299473 0.594622 0.317330
0 0.270098 0.057300 0.821477 0.057300 0.821477 0.479592 0.270098 0.479592
0 0.147677 0.366562 0.596877 0.366562 0.596877 0.570644 0.147677 0.570644
0 0.206103 0.557300 0.835936 0.557300 0.835936 0.862027 0.206103 0.862027