1 0.539544 0.038248 0.561624 0.038248 0.561624 0.051651 0.539544 0.051651
1 0.503412 0.575351 0.552792 0.575351 0.552792 0.588101 0.503412 0.588101
1 0.632683 0.590716 0.681661 0.590716 0.681661 0.604446 0.632683 0.604446
1 0.599889 0.497297 0.650762 0.520260 0.642564 0.532304 0.591691 0.509341
1 0.703137 0.293119 0.732148 0.282601 0.739474 0.296000 0.710463 0.306518
1 0.589889 0.154719 0.635323 0.124653 0.645928 0.135279 0.600494 0.165345
1 0.327714 0.519669 0.363124 0.519669 0.363124 0.550725 0.327714 0.550725
1 0.257104 0.333469 0.308749 0.311014 0.316669 0.323092 0.265024 0.345547
1 0.148568 0.150241 0.149370 0.108667 0.164362 0.108859 0.163560 0.150433
1 0.170035 0.183544 0.170819 0.142892 0.184912 0.143072 0.184127 0.183725
1 0.148237 0.430927 0.149013 0.390720 0.163971 0.390911 0.163195 0.431118
1 0.832826 0.285344 0.833436 0.253746 0.848635 0.253941 0.848025 0.285538
0 0.141186 0.001361 0.856307 0.001361 0.856307 0.612245 0.141186 0.612245
0 0.327485 0.620408 0.645781 0.620408 0.645781 0.992517 0.327485 0.992517