1 0.338124 0.032989 0.358557 0.032989 0.358557 0.045324 0.338124 0.045324
1 0.606214 0.034137 0.626295 0.034137 0.626295 0.045898 0.606214 0.045898
1 0.650562 0.308325 0.684084 0.308325 0.684084 0.336331 0.650562 0.336331
1 0.311204 0.285373 0.340910 0.280671 0.343763 0.292623 0.314057 0.297325
1 0.375965 0.360571 0.431317 0.345926 0.436236 0.358253 0.380884 0.372898
1 0.701640 0.113678 0.750396 0.087895 0.757881 0.097281 0.709125 0.123063
1 0.791783 0.164571 0.791783 0.148143 0.805965 0.148143 0.805965 0.164571
1 0.269305 0.181825 0.284302 0.141881 0.299831 0.145747 0.284834 0.185691
1 0.221095 0.127506 0.269210 0.138004 0.264918 0.151048 0.216803 0.140550
1 0.447281 0.246900 0.495631 0.260456 0.490532 0.272514 0.442182 0.258958
1 0.666946 0.387154 0.701386 0.424370 0.687794 0.432710 0.653354 0.395494
1 0.737137 0.448980 0.772888 0.478091 0.761831 0.487095 0.726080 0.457983
1 0.555061 0.446886 0.563240 0.431196 0.576888 0.435913 0.568709 0.451604
0 0.156224 0.029932 0.813701 0.029932 0.813701 0.504762 0.156224 0.504762
0 0.189641 0.466667 0.705096 0.466667 0.705096 0.966667 0.189641 0.966667