1 0.274123 0.055099 0.290773 0.055099 0.290773 0.064880 0.274123 0.064880
1 0.506417 0.054773 0.526316 0.054773 0.526316 0.066510 0.506417 0.066510
1 0.661144 0.098461 0.701348 0.098461 0.701348 0.110198 0.661144 0.110198
1 0.473522 0.495892 0.494233 0.495892 0.494233 0.505999 0.473522 0.505999
1 0.602664 0.495892 0.623376 0.495892 0.623376 0.507303 0.602664 0.507303
1 0.597340 0.230891 0.650884 0.224082 0.653255 0.236097 0.599711 0.242906
1 0.627709 0.152379 0.652105 0.140141 0.661764 0.152550 0.637368 0.164789
1 0.592894 0.097001 0.594737 0.080423 0.609538 0.081483 0.607695 0.098062
1 0.718942 0.080373 0.738246 0.064930 0.749041 0.073627 0.729738 0.089070
1 0.706360 0.025034 0.719876 0.063128 0.704829 0.066569 0.691312 0.028475
1 0.569601 0.093709 0.604852 0.121423 0.593905 0.130397 0.558654 0.102683
1 0.762121 0.163043 0.780410 0.116190 0.797763 0.120556 0.779475 0.167409
1 0.691806 0.310253 0.733509 0.316761 0.730980 0.327203 0.689278 0.320695
1 0.667505 0.405172 0.708957 0.434100 0.698242 0.443996 0.656790 0.415068
1 0.698788 0.440709 0.716674 0.459089 0.704263 0.466874 0.686377 0.448494
1 0.576872 0.436907 0.607826 0.456322 0.598739 0.465660 0.567785 0.446245
1 0.373196 0.475987 0.373537 0.460304 0.387207 0.460496 0.386866 0.476179
1 0.353791 0.464324 0.354112 0.449556 0.368943 0.449764 0.368622 0.464532
1 0.315502 0.397966 0.315819 0.383383 0.330317 0.383586 0.330000 0.398169
1 0.333095 0.293836 0.333555 0.272688 0.350134 0.272920 0.349674 0.294068
0 0.148873 0.021190 0.800415 0.021190 0.800415 0.515523 0.148873 0.515523
0 0.292244 0.516174 0.611223 0.516174 0.611223 0.982512 0.292244 0.982512
1 0.545030 0.384605 0.577813 0.384605 0.577813 0.410056 0.545030 0.410056