1 0.755823 0.211533 0.775671 0.211533 0.775671 0.222889 0.755823 0.222889
1 0.734775 0.467097 0.754105 0.467097 0.754105 0.478883 0.734775 0.478883
1 0.534378 0.450596 0.581847 0.450596 0.581847 0.462579 0.534378 0.462579
1 0.481802 0.485285 0.509109 0.485285 0.509109 0.497297 0.481802 0.497297
1 0.385666 0.467266 0.446265 0.467266 0.446265 0.480180 0.385666 0.480180
1 0.803415 0.375005 0.802732 0.343575 0.817067 0.343374 0.817751 0.374804
1 0.802807 0.167606 0.802807 0.135180 0.816491 0.135180 0.816491 0.167606
1 0.825113 0.379119 0.824109 0.332960 0.838170 0.332763 0.839174 0.378922
1 0.747714 0.129081 0.768182 0.111461 0.777895 0.118732 0.757427 0.136353
1 0.203285 0.345316 0.225439 0.332394 0.233826 0.341663 0.211672 0.354585
1 0.153406 0.288594 0.187035 0.324421 0.175267 0.331541 0.141638 0.295713
1 0.382756 0.359513 0.382756 0.314402 0.400238 0.314402 0.400238 0.359513
0 0.068002 0.092110 0.824872 0.092110 0.824872 0.231086 0.068002 0.231086
0 0.071107 0.253521 0.850489 0.253521 0.850489 0.502181 0.071107 0.502181
0 0.125446 0.527110 0.770533 0.527110 0.770533 0.890440 0.125446 0.890440