1 0.583444 0.339034 0.630989 0.339034 0.630989 0.350278 0.583444 0.350278
1 0.459236 0.548231 0.514890 0.548231 0.514890 0.559474 0.459236 0.559474
1 0.778842 0.223877 0.817214 0.256912 0.805100 0.265981 0.766728 0.232946
1 0.158421 0.360282 0.195065 0.391829 0.184498 0.399740 0.147854 0.368193
1 0.120340 0.403280 0.170400 0.418949 0.165151 0.429756 0.115091 0.414087
1 0.428902 0.442846 0.455608 0.395363 0.469162 0.400276 0.442457 0.447759
1 0.799298 0.522535 0.799077 0.508013 0.812943 0.507877 0.813164 0.522399
1 0.132518 0.194632 0.132281 0.179014 0.145025 0.178889 0.145263 0.194507
1 0.800526 0.200282 0.800058 0.169494 0.814599 0.169352 0.815068 0.200139
1 0.759479 0.131146 0.799033 0.101843 0.809264 0.110744 0.769710 0.140046
1 0.625117 0.279721 0.654979 0.315669 0.642428 0.322388 0.612566 0.286441
0 0.127193 0.034652 0.821986 0.034652 0.821986 0.357143 0.127193 0.357143
0 0.111877 0.358261 0.818505 0.358261 0.818505 0.566175 0.111877 0.566175
0 0.227444 0.594120 0.732874 0.594120 0.732874 0.931142 0.227444 0.931142