1 0.437239 0.356255 0.459508 0.356255 0.459508 0.369337 0.437239 0.369337
1 0.737759 0.467154 0.777361 0.437506 0.790128 0.448497 0.750526 0.478145
1 0.760860 0.481942 0.812060 0.467789 0.818155 0.481999 0.766955 0.496152
1 0.491228 0.498169 0.528640 0.529271 0.516208 0.538910 0.478796 0.507807
1 0.443298 0.234410 0.491404 0.212113 0.500387 0.224604 0.452281 0.246901
1 0.090885 0.306366 0.127056 0.302800 0.129408 0.318179 0.093237 0.321744
1 0.105263 0.338310 0.123726 0.327931 0.132362 0.337833 0.113899 0.348212
1 0.162973 0.206833 0.187630 0.178563 0.199815 0.185413 0.175158 0.213683
1 0.195088 0.140000 0.207661 0.125585 0.221200 0.133196 0.208627 0.147611
1 0.406702 0.114939 0.419649 0.128732 0.406186 0.136877 0.393239 0.123084
1 0.418268 0.059848 0.423684 0.084507 0.406779 0.086900 0.401363 0.062241
1 0.872723 0.101522 0.872723 0.082085 0.890789 0.082085 0.890789 0.101522
1 0.849629 0.076702 0.849629 0.058934 0.865490 0.058934 0.865490 0.076702
1 0.097719 0.609403 0.097719 0.592113 0.114546 0.592113 0.114546 0.609403
0 0.079483 0.016719 0.896411 0.016719 0.896411 0.380120 0.079483 0.380120
0 0.090197 0.399473 0.846860 0.399473 0.846860 0.630631 0.090197 0.630631
0 0.103589 0.671487 0.870966 0.671487 0.870966 0.915547 0.103589 0.915547