1 0.334451 0.419962 0.376201 0.419962 0.376201 0.432599 0.334451 0.432599
1 0.526772 0.421061 0.559396 0.421061 0.559396 0.432599 0.526772 0.432599
1 0.530879 0.306040 0.554605 0.306040 0.554605 0.318129 0.530879 0.318129
1 0.528825 0.323440 0.558255 0.323440 0.558255 0.335894 0.528825 0.335894
1 0.423858 0.205298 0.466961 0.205298 0.466961 0.218310 0.423858 0.218310
1 0.334981 0.199149 0.375768 0.199149 0.375768 0.211875 0.334981 0.211875
1 0.345439 0.149387 0.366482 0.149387 0.366482 0.160017 0.345439 0.160017
1 0.344768 0.166121 0.365811 0.166121 0.365811 0.176751 0.344768 0.176751
1 0.768070 0.205915 0.788246 0.205915 0.788246 0.217887 0.768070 0.217887
1 0.629474 0.086519 0.629474 0.070000 0.646617 0.070000 0.646617 0.086519
1 0.607544 0.119437 0.607544 0.102817 0.622982 0.102817 0.622982 0.119437
1 0.613100 0.389567 0.613100 0.372948 0.628539 0.372948 0.628539 0.389567
1 0.324141 0.265815 0.356090 0.276178 0.350333 0.287616 0.318384 0.277254
1 0.378667 0.381347 0.421273 0.376540 0.423302 0.388133 0.380697 0.392941
0 0.103523 0.006148 0.652813 0.006148 0.652813 0.183322 0.103523 0.183322
0 0.102827 0.195059 0.636104 0.195059 0.636104 0.437626 0.102827 0.437626
0 0.687622 0.201766 0.867934 0.201766 0.867934 0.416387 0.687622 0.416387
0 0.076371 0.457188 0.860035 0.457188 0.860035 0.942579 0.076371 0.942579