1 0.211558 0.170079 0.231092 0.170079 0.231092 0.181323 0.211558 0.181323
1 0.536267 0.455912 0.558013 0.455912 0.558013 0.468339 0.536267 0.468339
1 0.331712 0.471594 0.351246 0.471594 0.351246 0.484614 0.331712 0.484614
1 0.625461 0.471298 0.646101 0.471298 0.646101 0.483726 0.625461 0.483726
1 0.744336 0.455988 0.763513 0.455988 0.763513 0.467203 0.744336 0.467203
1 0.551409 0.017775 0.572073 0.017775 0.572073 0.029117 0.551409 0.029117
1 0.645655 0.254248 0.645655 0.231146 0.662709 0.231146 0.662709 0.254248
1 0.508596 0.265915 0.508596 0.224648 0.527018 0.224648 0.527018 0.265915
1 0.379298 0.242113 0.379298 0.217768 0.394741 0.217768 0.394741 0.242113
1 0.084035 0.267042 0.084035 0.225070 0.098772 0.225070 0.098772 0.267042
1 0.105439 0.266479 0.105439 0.224507 0.120175 0.224507 0.120175 0.266479
1 0.122943 0.322516 0.148297 0.287260 0.162985 0.294068 0.137631 0.329324
1 0.448772 0.296761 0.464406 0.284640 0.475003 0.293450 0.459370 0.305571
1 0.525371 0.336404 0.561319 0.299465 0.573012 0.306799 0.537064 0.343738
1 0.495360 0.413121 0.524761 0.400037 0.532106 0.410674 0.502705 0.423758
1 0.732105 0.365211 0.762257 0.352878 0.769587 0.364427 0.739435 0.376760
1 0.749619 0.401516 0.775918 0.418612 0.765757 0.428686 0.739459 0.411589
1 0.817170 0.256266 0.816667 0.233099 0.831602 0.232889 0.832105 0.256056
1 0.796316 0.269296 0.795272 0.221290 0.811777 0.221058 0.812821 0.269064
1 0.772056 0.188293 0.774737 0.228028 0.759211 0.228703 0.756530 0.188968
0 0.076334 0.013985 0.841545 0.013985 0.841545 0.492458 0.076334 0.492458
0 0.067625 0.498452 0.880117 0.498452 0.880117 0.989911 0.067625 0.989911