1 0.622372 0.034674 0.680963 0.034674 0.680963 0.046769 0.622372 0.046769
1 0.476396 0.048919 0.525278 0.048919 0.525278 0.061015 0.476396 0.061015
1 0.435885 0.186539 0.454634 0.186539 0.454634 0.199172 0.435885 0.199172
1 0.520256 0.248360 0.570142 0.248360 0.570142 0.261531 0.520256 0.261531
1 0.524273 0.281153 0.574829 0.281153 0.574829 0.294054 0.524273 0.294054
1 0.180833 0.433103 0.231760 0.433103 0.231760 0.445403 0.180833 0.445403
1 0.338867 0.199249 0.338867 0.150959 0.354781 0.150959 0.354781 0.199249
1 0.339873 0.350704 0.339873 0.311690 0.353684 0.311690 0.353684 0.350704
1 0.275882 0.228966 0.325614 0.205915 0.333861 0.217384 0.284130 0.240435
1 0.180967 0.247844 0.205855 0.260820 0.197125 0.271613 0.172237 0.258637
1 0.252557 0.079997 0.276346 0.091023 0.268913 0.101359 0.245124 0.090333
1 0.134160 0.103429 0.179928 0.073675 0.190200 0.083858 0.144432 0.113612
1 0.402566 0.418367 0.452298 0.395316 0.460545 0.406784 0.410814 0.429835
1 0.563442 0.392336 0.613173 0.415387 0.604926 0.426855 0.555194 0.403804
0 0.071614 0.066287 0.364940 0.066287 0.364940 0.452306 0.071614 0.452306
0 0.396501 0.029026 0.852270 0.029026 0.852270 0.439638 0.396501 0.439638
0 0.178363 0.464975 0.763158 0.464975 0.763158 0.990350 0.178363 0.990350