0 0.292253 0.225513 0.311002 0.225513 0.311002 0.235996 0.292253 0.235996
0 0.274508 0.238146 0.329751 0.238146 0.329751 0.249973 0.274508 0.249973
0 0.278860 0.267444 0.326738 0.267444 0.326738 0.279540 0.278860 0.279540
1 0.293261 0.641166 0.312035 0.641166 0.312035 0.652080 0.293261 0.652080
1 0.657939 0.640987 0.705125 0.640987 0.705125 0.652665 0.657939 0.652665
1 0.655789 0.255070 0.704211 0.255070 0.704211 0.267324 0.655789 0.267324
1 0.703158 0.268451 0.741930 0.268451 0.741930 0.279155 0.703158 0.279155
1 0.324386 0.404789 0.362456 0.404789 0.362456 0.418169 0.324386 0.418169
1 0.197341 0.079767 0.210207 0.092988 0.198793 0.100147 0.185927 0.086926
1 0.131879 0.139005 0.132166 0.125841 0.145460 0.126027 0.145173 0.139191
1 0.115126 0.152658 0.115956 0.114493 0.128292 0.114666 0.127462 0.152831
1 0.245584 0.281423 0.279290 0.296422 0.272255 0.306611 0.238549 0.291612
1 0.324025 0.293376 0.346064 0.280521 0.353966 0.289252 0.331926 0.302107
1 0.691376 0.419643 0.716263 0.410748 0.721730 0.420607 0.696844 0.429502
1 0.638888 0.406794 0.663578 0.416037 0.657896 0.425818 0.633207 0.416575
1 0.531546 0.554059 0.531804 0.514466 0.546514 0.514528 0.546256 0.554120
1 0.550034 0.631143 0.550281 0.593334 0.563483 0.593389 0.563237 0.631199
1 0.442047 0.500111 0.442342 0.454933 0.457661 0.454998 0.457366 0.500175
0 0.108681 0.039327 0.452723 0.039327 0.452723 0.257911 0.108681 0.257911
0 0.154249 0.262484 0.466393 0.262484 0.466393 0.654838 0.154249 0.654838
0 0.506266 0.194805 0.796765 0.194805 0.796765 0.659411 0.506266 0.659411
0 0.138300 0.667642 0.433356 0.667642 0.433356 0.992318 0.138300 0.992318
0 0.477785 0.666728 0.772841 0.666728 0.772841 0.989574 0.477785 0.989574