1 0.454803 0.601380 0.483099 0.601380 0.483099 0.612118 0.454803 0.612118
1 0.309888 0.323633 0.363100 0.323633 0.363100 0.336060 0.309888 0.336060
1 0.326389 0.364290 0.378777 0.364290 0.378777 0.377494 0.326389 0.377494
1 0.434451 0.479572 0.459307 0.472309 0.464419 0.483583 0.439562 0.490846
1 0.464034 0.428258 0.507804 0.443174 0.501542 0.455018 0.457772 0.440102
1 0.495192 0.548826 0.518955 0.514408 0.531519 0.519999 0.507755 0.554417
1 0.531327 0.530719 0.580661 0.553586 0.571872 0.565807 0.522538 0.542940
1 0.348662 0.391973 0.392431 0.406889 0.386169 0.418733 0.342399 0.403817
1 0.304376 0.416262 0.316316 0.435915 0.301869 0.441572 0.289929 0.421919
1 0.614754 0.503030 0.614754 0.480951 0.629494 0.480951 0.629494 0.503030
1 0.613778 0.187179 0.613778 0.165100 0.628517 0.165100 0.628517 0.187179
0 0.293284 0.048488 0.634095 0.048488 0.634095 0.300739 0.293284 0.300739
0 0.272433 0.319118 0.639247 0.319118 0.639247 0.615909 0.272433 0.615909
0 0.266681 0.637266 0.666451 0.637266 0.666451 0.972639 0.266681 0.972639