1 0.546064 0.039507 0.595625 0.039507 0.595625 0.051224 0.546064 0.051224
1 0.620557 0.275307 0.670118 0.275307 0.670118 0.288000 0.620557 0.288000
1 0.367895 0.188592 0.367895 0.149465 0.384128 0.149465 0.384128 0.188592
1 0.750963 0.238266 0.796760 0.251647 0.791208 0.263894 0.745411 0.250512
1 0.743365 0.255443 0.781580 0.289516 0.770327 0.297650 0.732112 0.263577
1 0.657029 0.114664 0.681532 0.151661 0.666572 0.158047 0.642068 0.121050
1 0.322682 0.263668 0.370348 0.272502 0.367018 0.284085 0.319352 0.275250
1 0.248077 0.447565 0.296316 0.431127 0.302077 0.442024 0.253839 0.458462
1 0.107448 0.457754 0.132854 0.420958 0.145751 0.426698 0.120345 0.463494
1 0.773896 0.439472 0.829029 0.426780 0.833392 0.438995 0.778259 0.451686
1 0.814939 0.570370 0.827070 0.531881 0.842788 0.535074 0.830656 0.573563
1 0.676271 0.600240 0.699614 0.605332 0.695671 0.616983 0.672328 0.611891
0 0.359338 0.032461 0.798453 0.032461 0.798453 0.302484 0.359338 0.302484
0 0.102927 0.260813 0.500519 0.260813 0.500519 0.628344 0.102927 0.628344
0 0.573186 0.374156 0.865930 0.374156 0.865930 0.641678 0.573186 0.641678
0 0.087356 0.620843 0.489100 0.620843 0.489100 0.970873 0.087356 0.970873
0 0.489100 0.648346 0.892920 0.648346 0.892920 0.935870 0.489100 0.935870