1 0.266557 0.018533 0.319344 0.018533 0.319344 0.031467 0.266557 0.031467
1 0.661281 0.308633 0.715238 0.308633 0.715238 0.321343 0.661281 0.321343
1 0.569394 0.550647 0.579540 0.550647 0.579540 0.561165 0.569394 0.561165
1 0.655539 0.571197 0.673643 0.571197 0.673643 0.580744 0.655539 0.580744
1 0.692543 0.550324 0.703088 0.550324 0.703088 0.561165 0.692543 0.561165
1 0.753422 0.550971 0.765558 0.550971 0.765558 0.561003 0.753422 0.561003
1 0.706471 0.381333 0.729767 0.381333 0.729767 0.392702 0.706471 0.392702
1 0.510655 0.274298 0.510655 0.236226 0.525340 0.236226 0.525340 0.274298
1 0.106945 0.142497 0.106945 0.104425 0.121631 0.104425 0.121631 0.142497
1 0.194579 0.075559 0.227096 0.102946 0.216532 0.111244 0.184015 0.083857
1 0.360159 0.101116 0.396122 0.076746 0.405523 0.085923 0.369559 0.110293
1 0.588121 0.207100 0.622245 0.233162 0.612191 0.241870 0.578068 0.215807
1 0.820552 0.190271 0.854675 0.216333 0.844622 0.225041 0.810498 0.198978
1 0.614491 0.444553 0.642656 0.423192 0.652959 0.432178 0.624794 0.453540
1 0.511018 0.483375 0.511018 0.465978 0.524515 0.465978 0.524515 0.483375
1 0.525902 0.514000 0.525902 0.505045 0.539344 0.505045 0.539344 0.514000
1 0.783208 0.497805 0.783208 0.488850 0.796651 0.488850 0.796651 0.497805
1 0.803443 0.481582 0.803443 0.466533 0.817705 0.466533 0.817705 0.481582
0 0.099456 0.012821 0.455707 0.012821 0.455707 0.308696 0.099456 0.308696
0 0.135296 0.338327 0.846121 0.338327 0.846121 0.635223 0.135296 0.635223
0 0.173127 0.610391 0.806962 0.610391 0.806962 0.974224 0.173127 0.974224
0 0.504582 0.039545 0.856888 0.039545 0.856888 0.326915 0.504582 0.326915