1 0.573073 0.042682 0.626440 0.042682 0.626440 0.055593 0.573073 0.055593
1 0.658689 0.058133 0.704262 0.058133 0.704262 0.069200 0.658689 0.069200
1 0.224331 0.047818 0.270127 0.047818 0.270127 0.059154 0.224331 0.059154
1 0.224331 0.062573 0.275436 0.062573 0.275436 0.073909 0.224331 0.073909
1 0.190000 0.490933 0.236393 0.490933 0.236393 0.501867 0.190000 0.501867
1 0.788260 0.462988 0.851350 0.510838 0.841138 0.519745 0.778048 0.471894
1 0.274156 0.355894 0.318053 0.382798 0.308690 0.392904 0.264793 0.366000
1 0.310476 0.326565 0.353269 0.351852 0.345411 0.360648 0.302619 0.335361
1 0.356868 0.294456 0.357366 0.271237 0.372202 0.271448 0.371703 0.294667
1 0.155046 0.424498 0.155862 0.386508 0.169185 0.386697 0.168370 0.424687
1 0.377062 0.192232 0.377062 0.151776 0.390061 0.151776 0.390061 0.192232
1 0.153943 0.155020 0.153943 0.117315 0.167108 0.117315 0.167108 0.155020
0 0.148528 0.039616 0.353661 0.039616 0.353661 0.507330 0.148528 0.507330
0 0.351944 0.037522 0.857480 0.037522 0.857480 0.525480 0.351944 0.525480
0 0.121063 0.525480 0.692687 0.525480 0.692687 0.810297 0.121063 0.810297
0 0.404300 0.675567 0.860913 0.675567 0.860913 0.965271 0.404300 0.965271