1 0.192623 0.285600 0.219672 0.285600 0.219672 0.296267 0.192623 0.296267
1 0.217869 0.303333 0.243443 0.303333 0.243443 0.315333 0.217869 0.315333
1 0.256066 0.322000 0.283770 0.322000 0.283770 0.333333 0.256066 0.333333
1 0.425334 0.344818 0.444620 0.344818 0.444620 0.356443 0.425334 0.356443
1 0.391755 0.423810 0.411041 0.423810 0.411041 0.435014 0.391755 0.435014
1 0.373244 0.489762 0.428279 0.489762 0.428279 0.501667 0.373244 0.501667
1 0.482436 0.550714 0.540105 0.550714 0.540105 0.563333 0.482436 0.563333
1 0.570258 0.570000 0.597190 0.570000 0.597190 0.581667 0.570258 0.581667
1 0.372516 0.024047 0.408643 0.024047 0.408643 0.036521 0.372516 0.036521
1 0.297709 0.051464 0.316518 0.067869 0.306858 0.075196 0.288048 0.058790
1 0.748122 0.082645 0.784965 0.117117 0.773484 0.125235 0.736641 0.090763
1 0.706043 0.219378 0.752686 0.184002 0.764475 0.194285 0.717832 0.229661
1 0.744080 0.245479 0.770467 0.197276 0.784960 0.202524 0.758573 0.250727
1 0.658106 0.429846 0.701803 0.391733 0.712593 0.399917 0.668896 0.438030
1 0.308392 0.136551 0.321940 0.125910 0.331417 0.133892 0.317869 0.144533
1 0.136230 0.172800 0.136230 0.138843 0.150328 0.138843 0.150328 0.172800
1 0.619424 0.426366 0.619424 0.388115 0.633197 0.388115 0.633197 0.426366
1 0.141639 0.417200 0.141639 0.395867 0.155738 0.395867 0.155738 0.417200
1 0.317869 0.405067 0.317869 0.383256 0.330564 0.383256 0.330564 0.405067
1 0.335816 0.442480 0.335816 0.426728 0.348277 0.426728 0.348277 0.442480
1 0.336162 0.361933 0.336162 0.346181 0.348624 0.346181 0.348624 0.361933
1 0.368794 0.271984 0.368794 0.256233 0.381256 0.256233 0.381256 0.271984
1 0.116066 0.168667 0.116066 0.145312 0.129836 0.145312 0.129836 0.168667
1 0.430088 0.467865 0.465917 0.424662 0.478148 0.431371 0.442319 0.474575
0 0.108253 0.014483 0.869135 0.014483 0.869135 0.340000 0.108253 0.340000
0 0.136518 0.340920 0.861221 0.340920 0.861221 0.585517 0.136518 0.585517
0 0.160260 0.591954 0.716507 0.591954 0.716507 0.989195 0.160260 0.989195