1 0.358607 0.243627 0.380906 0.243627 0.380906 0.256373 0.358607 0.256373
1 0.581907 0.243627 0.641574 0.243627 0.641574 0.257108 0.581907 0.257108
1 0.558100 0.262255 0.587331 0.262255 0.587331 0.274265 0.558100 0.274265
1 0.417068 0.303922 0.474928 0.303922 0.474928 0.317157 0.417068 0.317157
1 0.432136 0.320343 0.460764 0.320343 0.460764 0.332108 0.432136 0.332108
1 0.337211 0.415931 0.389344 0.415931 0.389344 0.427941 0.337211 0.427941
1 0.749217 0.325278 0.809884 0.325278 0.809884 0.337816 0.749217 0.337816
1 0.765627 0.341456 0.794303 0.341456 0.794303 0.353724 0.765627 0.353724
1 0.696849 0.227622 0.740003 0.227622 0.740003 0.240706 0.696849 0.240706
1 0.879534 0.353290 0.879534 0.313504 0.895337 0.313504 0.895337 0.353290
1 0.858618 0.381788 0.858618 0.366090 0.873465 0.366090 0.873465 0.381788
1 0.622787 0.392508 0.622787 0.377200 0.638033 0.377200 0.638033 0.392508
1 0.529649 0.370774 0.529649 0.355465 0.544895 0.355465 0.544895 0.370774
1 0.261967 0.408667 0.261967 0.393772 0.275414 0.393772 0.275414 0.408667
1 0.243407 0.403616 0.243407 0.351332 0.257572 0.351332 0.257572 0.403616
1 0.246066 0.150533 0.246066 0.126267 0.259067 0.126267 0.259067 0.150533
1 0.079602 0.147200 0.079602 0.129405 0.093443 0.129405 0.093443 0.147200
0 0.072160 0.046821 0.195347 0.046821 0.195347 0.226397 0.072160 0.226397
0 0.239884 0.048362 0.863404 0.048362 0.863404 0.283430 0.239884 0.283430
0 0.237989 0.298073 0.900360 0.298073 0.900360 0.437572 0.237989 0.437572
0 0.046574 0.507707 0.928788 0.507707 0.928788 0.951638 0.046574 0.951638