1 0.390328 0.407467 0.408197 0.407467 0.408197 0.418000 0.390328 0.418000
1 0.391639 0.420533 0.409672 0.420533 0.409672 0.430933 0.391639 0.430933
1 0.613279 0.590000 0.659016 0.590000 0.659016 0.603333 0.613279 0.603333
1 0.612964 0.188305 0.659376 0.188305 0.659376 0.199494 0.612964 0.199494
1 0.364986 0.187707 0.410820 0.187707 0.410820 0.199828 0.364986 0.199828
1 0.624918 0.414000 0.655246 0.414000 0.655246 0.425200 0.624918 0.425200
1 0.664004 0.321274 0.687049 0.312533 0.692486 0.322017 0.669441 0.330757
1 0.588852 0.311333 0.611066 0.320778 0.605220 0.329873 0.583007 0.320427
1 0.320378 0.228447 0.344213 0.236123 0.339165 0.246492 0.315331 0.238817
1 0.431502 0.238679 0.455686 0.232289 0.459662 0.242240 0.435478 0.248631
1 0.380198 0.386864 0.397475 0.386864 0.397475 0.397369 0.380198 0.397369
1 0.389083 0.332661 0.413645 0.327308 0.416975 0.337415 0.392413 0.342768
1 0.367524 0.321322 0.389589 0.331935 0.382609 0.341535 0.360544 0.330922
1 0.303984 0.141450 0.325504 0.126763 0.334163 0.135155 0.312642 0.149842
1 0.455228 0.127126 0.474661 0.140865 0.465447 0.149486 0.446015 0.135747
1 0.391993 0.504276 0.415400 0.496195 0.420427 0.505827 0.397020 0.513908
1 0.358500 0.493490 0.382334 0.501166 0.377286 0.511535 0.353452 0.503860
1 0.482957 0.392155 0.482957 0.353799 0.498361 0.353799 0.498361 0.392155
1 0.252298 0.449433 0.252298 0.411077 0.267701 0.411077 0.267701 0.449433
1 0.270057 0.322795 0.270057 0.284440 0.285460 0.284440 0.285460 0.322795
1 0.270350 0.374415 0.270350 0.354412 0.286588 0.354412 0.286588 0.374415
1 0.253040 0.289790 0.253040 0.272867 0.268048 0.272867 0.268048 0.289790
0 0.296148 0.041512 0.479584 0.041512 0.479584 0.155019 0.296148 0.155019
0 0.249223 0.185254 0.505790 0.185254 0.505790 0.584263 0.249223 0.584263
0 0.521025 0.186245 0.697757 0.186245 0.697757 0.609542 0.521025 0.609542
0 0.238173 0.634476 0.416097 0.634476 0.416097 0.985564 0.238173 0.985564
0 0.540819 0.635958 0.743965 0.635958 0.743965 0.986047 0.540819 0.986047