1 0.241662 0.043908 0.267439 0.043908 0.267439 0.055494 0.241662 0.055494
1 0.316885 0.248800 0.349508 0.248800 0.349508 0.259333 0.316885 0.259333
1 0.653770 0.581067 0.670656 0.581067 0.670656 0.591200 0.653770 0.591200
1 0.737161 0.593975 0.761251 0.593975 0.761251 0.604205 0.737161 0.604205
1 0.730820 0.254667 0.757049 0.254667 0.757049 0.265733 0.730820 0.265733
1 0.730820 0.268667 0.757541 0.268667 0.757541 0.278267 0.730820 0.278267
1 0.621803 0.309867 0.621528 0.297042 0.633315 0.296875 0.633590 0.309699
1 0.603365 0.364041 0.602667 0.331525 0.616696 0.331326 0.617394 0.363842
1 0.854045 0.304966 0.853769 0.292142 0.865556 0.291975 0.865831 0.304799
1 0.507554 0.512858 0.534930 0.474292 0.548377 0.480606 0.521001 0.519172
1 0.371004 0.411936 0.413144 0.443897 0.404594 0.451354 0.362454 0.419393
1 0.375217 0.384888 0.407860 0.381157 0.409679 0.391679 0.377035 0.395410
1 0.255250 0.376106 0.284911 0.381675 0.282049 0.391758 0.252388 0.386188
1 0.390350 0.557594 0.409344 0.572000 0.400667 0.579568 0.381673 0.565162
1 0.268335 0.580268 0.286808 0.564156 0.296759 0.571703 0.278285 0.587815
1 0.145614 0.145526 0.199766 0.136165 0.202528 0.146733 0.148376 0.156094
1 0.535741 0.171473 0.535741 0.152249 0.548487 0.152249 0.548487 0.171473
1 0.384346 0.230228 0.412857 0.230228 0.412857 0.244997 0.384346 0.244997
0 0.143463 0.030049 0.599734 0.030049 0.599734 0.247455 0.143463 0.247455
0 0.144270 0.247455 0.573084 0.247455 0.573084 0.598194 0.144270 0.598194
0 0.598926 0.251396 0.871881 0.251396 0.871881 0.608703 0.598926 0.608703
0 0.113182 0.622831 0.496070 0.622831 0.496070 0.953425 0.113182 0.953425
0 0.509544 0.627397 0.886818 0.627397 0.886818 0.939726 0.509544 0.939726
1 0.542172 0.210214 0.577809 0.210214 0.577809 0.227881 0.542172 0.227881