1 0.260005 0.360698 0.276174 0.360698 0.276174 0.372433 0.260005 0.372433
1 0.683103 0.626963 0.706054 0.626963 0.706054 0.638222 0.683103 0.638222
1 0.642719 0.461868 0.668235 0.461868 0.668235 0.473454 0.642719 0.473454
1 0.395105 0.334558 0.415109 0.348701 0.405807 0.357404 0.385804 0.343261
1 0.296815 0.451452 0.316797 0.464613 0.308398 0.473049 0.288415 0.459888
1 0.187071 0.540340 0.207053 0.527179 0.215453 0.535616 0.195470 0.548777
1 0.404590 0.477600 0.404868 0.445225 0.416877 0.445293 0.416599 0.477668
1 0.114684 0.471859 0.114962 0.439483 0.126971 0.439552 0.126693 0.471927
1 0.481355 0.508856 0.481787 0.458571 0.495181 0.458648 0.494750 0.508932
1 0.630305 0.600982 0.659530 0.604322 0.657516 0.615980 0.628290 0.612639
1 0.404729 0.208723 0.404909 0.187749 0.417171 0.187818 0.416991 0.208792
0 0.133001 0.042044 0.422976 0.042044 0.422976 0.377052 0.133001 0.377052
0 0.109935 0.414573 0.424623 0.414573 0.424623 0.607538 0.109935 0.607538
0 0.475698 0.405193 0.881827 0.405193 0.881827 0.645059 0.475698 0.645059
0 0.114878 0.673199 0.514416 0.673199 0.514416 0.958626 0.114878 0.958626
0 0.488879 0.667169 0.887594 0.667169 0.887594 0.953936 0.488879 0.953936