1 0.706365 0.578922 0.728363 0.578922 0.728363 0.592402 0.706365 0.592402
1 0.285561 0.335690 0.305431 0.335690 0.305431 0.347138 0.285561 0.347138
1 0.150928 0.280065 0.198221 0.242919 0.208870 0.251888 0.161577 0.289033
1 0.402471 0.479872 0.419601 0.460696 0.431884 0.467954 0.414754 0.487130
1 0.560276 0.447756 0.577406 0.428580 0.589689 0.435838 0.572559 0.455014
1 0.809124 0.449404 0.852285 0.458156 0.848715 0.469801 0.805554 0.461049
1 0.798510 0.537476 0.797767 0.502871 0.812908 0.502656 0.813651 0.537262
1 0.797825 0.566022 0.808336 0.564360 0.811167 0.576205 0.800656 0.577867
1 0.803215 0.153556 0.803215 0.136590 0.816307 0.136590 0.816307 0.153556
0 0.146490 0.029231 0.823245 0.029231 0.823245 0.292479 0.146490 0.292479
0 0.194409 0.332137 0.855191 0.332137 0.855191 0.597436 0.194409 0.597436
0 0.078394 0.621368 0.536570 0.621368 0.536570 0.957094 0.078394 0.957094
0 0.455864 0.635726 0.913199 0.635726 0.913199 0.822393 0.455864 0.822393