0 0.545495 0.328747 0.822806 0.328747 0.822806 0.603176 0.545495 0.603176
1 0.214790 0.717518 0.235098 0.717518 0.235098 0.730446 0.214790 0.730446
1 0.110753 0.821531 0.148876 0.821531 0.148876 0.834460 0.110753 0.834460
1 0.341005 0.599228 0.367917 0.599228 0.367917 0.610683 0.341005 0.610683
1 0.287998 0.615683 0.334138 0.615683 0.334138 0.627088 0.287998 0.627088
1 0.472283 0.369481 0.510236 0.369481 0.510236 0.381039 0.472283 0.381039
1 0.286457 0.288961 0.334646 0.288961 0.334646 0.300649 0.286457 0.300649
1 0.102047 0.312597 0.139213 0.312597 0.139213 0.324675 0.102047 0.324675
1 0.682867 0.205329 0.702145 0.205329 0.702145 0.217197 0.682867 0.217197
1 0.490904 0.012763 0.509639 0.012763 0.509639 0.023511 0.490904 0.023511
1 0.521857 0.058665 0.540320 0.058665 0.540320 0.070533 0.521857 0.070533
1 0.496538 0.057137 0.515276 0.025455 0.527621 0.030420 0.508883 0.062103
1 0.689846 0.091106 0.736736 0.102194 0.733011 0.112909 0.686120 0.101820
1 0.428499 0.565354 0.428499 0.514027 0.442850 0.514027 0.442850 0.565354
1 0.453391 0.505027 0.453391 0.483360 0.465609 0.483360 0.465609 0.505027
1 0.339588 0.548225 0.386335 0.559279 0.382540 0.570193 0.335793 0.559138
1 0.130633 0.484617 0.130633 0.444136 0.145459 0.444136 0.145459 0.484617
0 0.487460 0.006734 0.826334 0.006734 0.826334 0.299663 0.487460 0.299663
0 0.097059 0.284919 0.514061 0.284919 0.514061 0.630135 0.097059 0.630135
0 0.105897 0.634111 0.436928 0.634111 0.436928 0.979327 0.105897 0.979327
0 0.580749 0.648688 0.844287 0.648688 0.844287 0.979989 0.580749 0.979989