1 0.522886 0.359730 0.561367 0.359730 0.561367 0.372797 0.522886 0.372797
1 0.642856 0.295461 0.692008 0.295461 0.692008 0.309062 0.642856 0.309062
1 0.365729 0.359730 0.385132 0.359730 0.385132 0.372263 0.365729 0.372263
1 0.268719 0.378130 0.296205 0.378130 0.296205 0.390397 0.268719 0.390397
1 0.136684 0.234607 0.225243 0.234607 0.225243 0.248052 0.136684 0.248052
1 0.709845 0.015103 0.730961 0.015103 0.730961 0.027309 0.709845 0.027309
1 0.618207 0.254209 0.786575 0.254209 0.786575 0.276655 0.618207 0.276655
1 0.039744 0.212105 0.039692 0.187631 0.053219 0.187612 0.053271 0.212086
1 0.866249 0.116290 0.872291 0.059335 0.888009 0.060469 0.881967 0.117424
1 0.059745 0.130960 0.059709 0.113937 0.073060 0.113917 0.073096 0.130941
1 0.687984 0.364883 0.691690 0.409721 0.677387 0.410526 0.673680 0.365687
0 0.036589 0.038008 0.474355 0.038008 0.474355 0.399023 0.036589 0.399023
0 0.518421 0.012391 0.900563 0.012391 0.900563 0.414512 0.518421 0.414512
0 0.066929 0.417393 0.482558 0.417393 0.482558 0.873582 0.066929 0.873582
0 0.515449 0.422325 0.874265 0.422325 0.874265 0.859609 0.515449 0.859609