1 0.603884 0.014715 0.612927 0.014715 0.612927 0.024719 0.603884 0.024719
1 0.743058 0.016170 0.759820 0.016170 0.759820 0.026174 0.743058 0.026174
1 0.208907 0.011964 0.219905 0.011964 0.219905 0.022192 0.208907 0.022192
1 0.291742 0.424924 0.307888 0.424924 0.307888 0.435345 0.291742 0.435345
1 0.380427 0.424538 0.389319 0.424538 0.389319 0.435345 0.380427 0.435345
1 0.394935 0.425503 0.433311 0.425503 0.433311 0.436310 0.394935 0.436310
1 0.442437 0.425696 0.483854 0.425696 0.483854 0.436310 0.442437 0.436310
1 0.397041 0.439976 0.419739 0.439976 0.419739 0.449432 0.397041 0.449432
1 0.587633 0.426314 0.610072 0.426314 0.610072 0.437986 0.587633 0.437986
1 0.635785 0.441462 0.772044 0.441462 0.772044 0.456595 0.635785 0.456595
1 0.656337 0.184122 0.694183 0.184122 0.694183 0.196900 0.656337 0.196900
1 0.586360 0.365542 0.597795 0.353896 0.607971 0.360692 0.596535 0.372338
1 0.627244 0.411429 0.627244 0.398968 0.638682 0.398968 0.638682 0.411429
1 0.403481 0.389066 0.403481 0.376606 0.414918 0.376606 0.414918 0.389066
1 0.168012 0.375035 0.168012 0.362575 0.179449 0.362575 0.179449 0.375035
1 0.166839 0.414508 0.166839 0.405603 0.178459 0.405603 0.178459 0.414508
1 0.153009 0.236958 0.153009 0.218551 0.164733 0.218551 0.164733 0.236958
1 0.170551 0.046623 0.170551 0.039992 0.181571 0.039992 0.181571 0.046623
1 0.170236 0.077532 0.170236 0.070260 0.181729 0.070260 0.181729 0.077532
1 0.170551 0.062208 0.170551 0.054935 0.182044 0.054935 0.182044 0.062208
0 0.142882 0.009194 0.776984 0.009194 0.776984 0.461441 0.142882 0.461441
0 0.158613 0.554172 0.452001 0.554172 0.452001 0.964241 0.158613 0.964241
0 0.472495 0.558619 0.769119 0.558619 0.769119 0.964241 0.472495 0.964241