1 0.639852 0.472233 0.658362 0.472233 0.658362 0.485317 0.639852 0.485317
1 0.716829 0.473444 0.736220 0.473444 0.736220 0.484590 0.716829 0.484590
1 0.796745 0.473929 0.814373 0.473929 0.814373 0.485559 0.796745 0.485559
1 0.714773 0.489194 0.740921 0.489194 0.740921 0.500582 0.714773 0.500582
1 0.670528 0.222031 0.689808 0.222031 0.689808 0.233288 0.670528 0.233288
1 0.782454 0.221750 0.821355 0.221750 0.821355 0.233710 0.782454 0.233710
1 0.647657 0.117953 0.682677 0.126234 0.678956 0.136936 0.643936 0.128654
1 0.728189 0.120000 0.735772 0.099545 0.748001 0.102628 0.740418 0.123083
1 0.746789 0.129692 0.750222 0.120434 0.762565 0.123546 0.759133 0.132804
1 0.753577 0.108389 0.757009 0.099131 0.769353 0.102243 0.765920 0.111501
1 0.611033 0.287600 0.611485 0.266264 0.624861 0.266457 0.624409 0.287792
1 0.592712 0.421789 0.593148 0.401160 0.607419 0.401366 0.606982 0.421994
1 0.574224 0.425539 0.574824 0.397172 0.589373 0.397382 0.588772 0.425749
1 0.836055 0.376158 0.836409 0.359433 0.849631 0.359623 0.849277 0.376349
1 0.780120 0.259533 0.814646 0.233896 0.824300 0.242739 0.789775 0.268376
1 0.173307 0.496278 0.212464 0.481901 0.217994 0.492144 0.178837 0.506522
1 0.443307 0.512208 0.506929 0.512208 0.506929 0.537662 0.443307 0.537662
0 0.427183 0.013217 0.779075 0.013217 0.779075 0.186185 0.427183 0.186185
0 0.075291 0.212045 0.289213 0.212045 0.289213 0.532697 0.075291 0.532697
0 0.312905 0.236754 0.568636 0.236754 0.568636 0.543041 0.312905 0.543041
0 0.572120 0.217791 0.856421 0.217791 0.856421 0.509712 0.572120 0.509712
0 0.144768 0.602607 0.499399 0.602607 0.499399 0.885149 0.144768 0.885149
0 0.533059 0.548082 0.798732 0.548082 0.798732 0.954545 0.533059 0.954545