1 0.295463 0.152772 0.371191 0.152772 0.371191 0.169749 0.295463 0.169749
1 0.627139 0.274262 0.718174 0.274262 0.718174 0.300258 0.627139 0.300258
1 0.295463 0.308746 0.328361 0.308746 0.328361 0.322009 0.295463 0.322009
1 0.474750 0.422133 0.548204 0.422133 0.548204 0.435212 0.474750 0.435212
1 0.352423 0.565977 0.371764 0.565977 0.371764 0.578997 0.352423 0.578997
1 0.585204 0.566123 0.604716 0.566123 0.604716 0.578412 0.585204 0.578412
1 0.525810 0.581191 0.553025 0.581191 0.553025 0.593626 0.525810 0.593626
1 0.172770 0.794294 0.194368 0.794294 0.194368 0.807369 0.172770 0.807369
1 0.309107 0.829290 0.330030 0.829290 0.330030 0.842942 0.309107 0.842942
1 0.521935 0.902743 0.544883 0.902743 0.544883 0.917164 0.521935 0.917164
1 0.548708 0.940815 0.570530 0.940815 0.570530 0.954083 0.548708 0.954083
1 0.573005 0.905050 0.595053 0.905050 0.595053 0.917933 0.573005 0.917933
1 0.293553 0.417763 0.315431 0.401508 0.325220 0.411133 0.303342 0.427387
1 0.104791 0.412946 0.105158 0.394979 0.119094 0.395187 0.118727 0.413154
1 0.240222 0.229273 0.240916 0.195313 0.254320 0.195513 0.253627 0.229473
1 0.103573 0.153787 0.103923 0.136677 0.117213 0.136875 0.116864 0.153985
1 0.824480 0.079345 0.824823 0.062520 0.839417 0.062737 0.839073 0.079563
1 0.824629 0.457548 0.824972 0.440723 0.839566 0.440941 0.839223 0.457766
0 0.100781 0.024256 0.846512 0.024256 0.846512 0.303676 0.100781 0.303676
0 0.101493 0.305502 0.849361 0.305502 0.849361 0.601358 0.101493 0.601358
0 0.071578 0.683540 0.615742 0.683540 0.615742 0.978179 0.071578 0.978179
0 0.318731 0.615360 0.865743 0.615360 0.865743 0.906346 0.318731 0.906346