1 0.451848 0.033423 0.492476 0.033423 0.492476 0.047019 0.451848 0.047019
1 0.689181 0.055218 0.749150 0.055218 0.749150 0.068560 0.689181 0.068560
1 0.549418 0.289092 0.567763 0.289092 0.567763 0.301048 0.549418 0.301048
1 0.706958 0.288896 0.731495 0.288896 0.731495 0.300656 0.706958 0.300656
1 0.769562 0.289092 0.780569 0.289092 0.780569 0.301244 0.769562 0.301244
1 0.832969 0.369152 0.850290 0.369152 0.850290 0.382590 0.832969 0.382590
1 0.820684 0.203472 0.820684 0.193239 0.834289 0.193239 0.834289 0.203472
1 0.764629 0.343712 0.838404 0.355969 0.835129 0.370367 0.761354 0.358110
1 0.820412 0.153702 0.820412 0.111290 0.834464 0.111290 0.834464 0.153702
1 0.641477 0.171895 0.641477 0.161662 0.655083 0.161662 0.655083 0.171895
1 0.349724 0.180910 0.349724 0.159692 0.364615 0.159692 0.364615 0.180910
1 0.182364 0.182305 0.182364 0.143924 0.197057 0.143924 0.197057 0.182305
1 0.099992 0.159539 0.099992 0.109770 0.114621 0.109770 0.114621 0.159539
1 0.533939 0.247404 0.572272 0.242799 0.574316 0.255232 0.535983 0.259836
1 0.305717 0.275697 0.336740 0.309635 0.323995 0.318145 0.292972 0.284208
1 0.304794 0.217146 0.307062 0.254133 0.290534 0.254873 0.288266 0.217886
1 0.333832 0.439957 0.333832 0.428089 0.347148 0.428089 0.347148 0.439957
1 0.757949 0.522921 0.826722 0.490339 0.834699 0.502640 0.765926 0.535222
0 0.094171 0.029345 0.843122 0.029345 0.843122 0.326005 0.094171 0.326005
0 0.128616 0.340347 0.854604 0.340347 0.854604 0.538875 0.128616 0.538875
0 0.052661 0.551708 0.564032 0.551708 0.564032 0.864975 0.052661 0.864975
0 0.377677 0.554727 0.891698 0.554727 0.891698 0.861200 0.377677 0.861200