1 0.415609 0.388828 0.446312 0.388828 0.446312 0.414061 0.415609 0.414061
1 0.547106 0.388828 0.594273 0.388828 0.594273 0.411983 0.547106 0.411983
1 0.479000 0.443069 0.520923 0.443069 0.520923 0.454725 0.479000 0.454725
1 0.495836 0.456595 0.528499 0.456595 0.528499 0.467100 0.495836 0.467100
1 0.584617 0.785522 0.657755 0.785522 0.657755 0.805347 0.584617 0.805347
1 0.275498 0.787950 0.330647 0.787950 0.330647 0.808786 0.275498 0.808786
1 0.555393 0.281253 0.587511 0.271801 0.592080 0.283143 0.559962 0.292595
1 0.564493 0.338887 0.595988 0.349763 0.590731 0.360884 0.559235 0.350008
1 0.552574 0.521921 0.552574 0.487373 0.564974 0.487373 0.564974 0.521921
1 0.534344 0.523851 0.534344 0.495349 0.544943 0.495349 0.544943 0.523851
0 0.116710 0.020498 0.824664 0.020498 0.824664 0.624820 0.116710 0.624820
0 0.151353 0.633930 0.468466 0.633930 0.468466 0.967218 0.151353 0.967218
0 0.473796 0.632412 0.791798 0.632412 0.791798 0.966459 0.473796 0.966459