1 0.459441 0.498367 0.492506 0.498367 0.492506 0.529537 0.459441 0.529537
1 0.430335 0.447011 0.491812 0.447011 0.491812 0.463042 0.430335 0.463042
1 0.408801 0.469572 0.473056 0.469572 0.473056 0.483525 0.408801 0.483525
1 0.349409 0.427716 0.405328 0.427716 0.405328 0.443746 0.349409 0.443746
1 0.178178 0.448793 0.234097 0.448793 0.234097 0.463932 0.178178 0.463932
1 0.406813 0.258223 0.428925 0.258223 0.428925 0.272300 0.406813 0.272300
1 0.408167 0.276543 0.427120 0.276543 0.427120 0.290042 0.408167 0.290042
1 0.629646 0.229154 0.688700 0.206682 0.695948 0.220597 0.636895 0.243069
1 0.821983 0.214133 0.880619 0.184020 0.889526 0.196691 0.830890 0.226803
1 0.762890 0.185029 0.830332 0.121012 0.843047 0.130796 0.775605 0.194814
1 0.835511 0.263415 0.892222 0.296109 0.882551 0.308363 0.825840 0.275669
1 0.251067 0.200973 0.330888 0.159981 0.339995 0.172936 0.260174 0.213928
1 0.531594 0.238045 0.531594 0.190120 0.547049 0.190120 0.547049 0.238045
1 0.505945 0.253523 0.505945 0.207329 0.520733 0.207329 0.520733 0.253523
1 0.192945 0.206061 0.253504 0.222879 0.248501 0.236040 0.187942 0.219222
1 0.437344 0.095406 0.442111 0.056642 0.457120 0.057990 0.452354 0.096754
0 0.041713 0.050961 0.895984 0.050961 0.895984 0.535329 0.041713 0.535329
0 0.138762 0.534305 0.725849 0.534305 0.725849 0.928558 0.138762 0.928558