1 0.764159 0.547782 0.795696 0.547782 0.795696 0.559366 0.764159 0.559366
1 0.721638 0.317041 0.732612 0.317041 0.732612 0.328137 0.721638 0.328137
1 0.359505 0.232497 0.386399 0.232497 0.386399 0.245575 0.359505 0.245575
1 0.406028 0.249934 0.434312 0.249934 0.434312 0.261295 0.406028 0.261295
1 0.478825 0.265125 0.504791 0.265125 0.504791 0.276618 0.478825 0.276618
1 0.192653 0.264922 0.211888 0.264922 0.211888 0.276747 0.192653 0.276747
1 0.162886 0.070154 0.189884 0.070154 0.189884 0.083008 0.162886 0.083008
1 0.769808 0.477462 0.769808 0.447619 0.781041 0.447619 0.781041 0.477462
1 0.769186 0.154943 0.769186 0.125599 0.782004 0.125599 0.782004 0.154943
1 0.649797 0.214740 0.686169 0.178979 0.695811 0.186142 0.659439 0.221903
1 0.539111 0.111914 0.560856 0.098411 0.568876 0.107845 0.547130 0.121348
1 0.276311 0.129873 0.311278 0.095493 0.321497 0.103085 0.286530 0.137465
1 0.125748 0.151915 0.125748 0.129062 0.139722 0.129062 0.139722 0.151915
1 0.145286 0.148217 0.145286 0.131968 0.158269 0.131968 0.158269 0.148217
1 0.145727 0.418922 0.173779 0.439764 0.165706 0.447702 0.137654 0.426860
0 0.119997 0.009862 0.791531 0.009862 0.791531 0.283173 0.119997 0.283173
0 0.131722 0.312326 0.801125 0.312326 0.801125 0.592926 0.131722 0.592926
0 0.099744 0.604769 0.618851 0.604769 0.618851 0.930921 0.099744 0.930921
0 0.328919 0.613880 0.849091 0.613880 0.849091 0.938209 0.328919 0.938209
1 0.448392 0.474690 0.495525 0.474690 0.495525 0.493199 0.448392 0.493199