1 0.207042 0.280043 0.234771 0.280043 0.234771 0.292103 0.207042 0.292103
1 0.265946 0.280744 0.283338 0.280744 0.283338 0.292103 0.265946 0.292103
1 0.312543 0.280744 0.340272 0.280744 0.340272 0.291963 0.312543 0.291963
1 0.265688 0.612814 0.282844 0.612814 0.282844 0.624174 0.265688 0.624174
1 0.602284 0.612399 0.619788 0.612399 0.619788 0.624420 0.602284 0.624420
1 0.265842 0.238441 0.283308 0.238441 0.283308 0.249802 0.265842 0.249802
1 0.389714 0.162416 0.429026 0.177375 0.423542 0.187904 0.384229 0.172945
1 0.544334 0.281020 0.574168 0.308365 0.565013 0.315662 0.535178 0.288317
1 0.284921 0.098600 0.298646 0.080536 0.308889 0.086221 0.295164 0.104285
1 0.398268 0.091298 0.424379 0.091298 0.424379 0.102344 0.398268 0.102344
1 0.541011 0.406891 0.558108 0.410807 0.554814 0.421315 0.537717 0.417399
1 0.663356 0.412541 0.680274 0.408092 0.684017 0.418490 0.667099 0.422938
1 0.620538 0.338206 0.639042 0.326674 0.646853 0.335828 0.628349 0.347361
1 0.723597 0.380324 0.723566 0.365033 0.735494 0.365015 0.735525 0.380306
1 0.743724 0.492036 0.743683 0.471555 0.755760 0.471537 0.755802 0.492018
1 0.470535 0.510155 0.470502 0.493967 0.482761 0.493948 0.482794 0.510137
1 0.395277 0.547752 0.395247 0.533210 0.407612 0.533192 0.407641 0.547733
1 0.395314 0.587011 0.395284 0.572469 0.407649 0.572450 0.407679 0.586992
0 0.151770 0.028111 0.430758 0.028111 0.430758 0.256067 0.151770 0.256067
0 0.156791 0.277528 0.414019 0.277528 0.414019 0.630431 0.156791 0.630431
0 0.467026 0.280389 0.761638 0.280389 0.761638 0.630908 0.467026 0.630908
0 0.172973 0.646169 0.410671 0.646169 0.410671 0.979997 0.172973 0.979997
0 0.514168 0.647145 0.746573 0.647145 0.746573 0.981427 0.514168 0.981427