1 0.223840 0.145987 0.280248 0.145987 0.280248 0.158936 0.223840 0.158936
1 0.372050 0.152755 0.428421 0.152755 0.428421 0.166245 0.372050 0.166245
1 0.477618 0.078820 0.513695 0.078820 0.513695 0.090559 0.477618 0.090559
1 0.298079 0.220825 0.308639 0.220825 0.308639 0.232449 0.298079 0.232449
1 0.305119 0.249269 0.314879 0.249269 0.314879 0.260483 0.305119 0.260483
1 0.651823 0.412786 0.670850 0.412786 0.670850 0.425038 0.651823 0.425038
1 0.757643 0.413231 0.780840 0.413231 0.780840 0.424815 0.757643 0.424815
1 0.811074 0.413231 0.830622 0.413231 0.830622 0.424593 0.811074 0.424593
1 0.696392 0.435508 0.729493 0.435508 0.729493 0.448651 0.696392 0.448651
1 0.253436 0.300380 0.308510 0.316588 0.303794 0.328293 0.248720 0.312085
1 0.244455 0.326269 0.296644 0.344291 0.291332 0.355527 0.239144 0.337505
1 0.257393 0.247753 0.284212 0.239861 0.288442 0.250361 0.261623 0.258253
1 0.371200 0.233001 0.371200 0.223265 0.385058 0.223265 0.385058 0.233001
1 0.535806 0.247942 0.535806 0.229769 0.549604 0.229769 0.549604 0.247942
1 0.867434 0.246117 0.867434 0.230727 0.880741 0.230727 0.880741 0.246117
1 0.617845 0.370622 0.653570 0.331541 0.665694 0.339637 0.629969 0.378718
0 0.035792 0.072384 0.520643 0.072384 0.520643 0.408968 0.035792 0.408968
0 0.533347 0.074193 0.890104 0.074193 0.890104 0.458732 0.533347 0.458732
0 0.078137 0.483162 0.460301 0.483162 0.460301 0.771792 0.078137 0.771792
0 0.473005 0.480447 0.855169 0.480447 0.855169 0.766363 0.473005 0.766363