1 0.427557 0.458202 0.479363 0.458202 0.479363 0.470695 0.427557 0.470695
1 0.325664 0.458569 0.344796 0.458569 0.344796 0.469777 0.325664 0.469777
1 0.171146 0.425138 0.223357 0.425138 0.223357 0.437220 0.171146 0.437220
1 0.210352 0.444953 0.262186 0.444953 0.262186 0.457518 0.210352 0.457518
1 0.649150 0.429458 0.667388 0.429458 0.667388 0.441215 0.649150 0.441215
1 0.694706 0.448867 0.710617 0.448867 0.710617 0.459135 0.694706 0.459135
1 0.727975 0.464861 0.745750 0.464861 0.745750 0.475429 0.727975 0.475429
1 0.797836 0.448085 0.834312 0.448085 0.834312 0.459313 0.797836 0.459313
1 0.662787 0.067113 0.702365 0.067113 0.702365 0.078685 0.662787 0.078685
1 0.193834 0.664396 0.203114 0.664396 0.203114 0.674202 0.193834 0.674202
1 0.217288 0.664396 0.226568 0.664396 0.226568 0.674347 0.217288 0.674347
1 0.094438 0.307488 0.094438 0.292273 0.107318 0.292273 0.107318 0.307488
1 0.094590 0.251387 0.094590 0.236724 0.107149 0.236724 0.107149 0.251387
1 0.325285 0.584380 0.325285 0.569166 0.338165 0.569166 0.338165 0.584380
1 0.309378 0.621240 0.309378 0.611296 0.320810 0.611296 0.320810 0.621240
1 0.307563 0.541004 0.307563 0.531947 0.319514 0.531947 0.319514 0.541004
1 0.645825 0.267225 0.645825 0.238752 0.658400 0.238752 0.658400 0.267225
1 0.662630 0.278186 0.662630 0.228173 0.674104 0.228173 0.674104 0.278186
1 0.715103 0.237469 0.715103 0.211974 0.727275 0.211974 0.727275 0.237469
0 0.090124 0.049607 0.598801 0.049607 0.598801 0.476565 0.090124 0.476565
0 0.641190 0.055181 0.838140 0.055181 0.838140 0.482139 0.641190 0.482139
0 0.109688 0.495516 0.347071 0.495516 0.347071 0.706765 0.109688 0.706765
0 0.380983 0.497745 0.842705 0.497745 0.842705 0.772536 0.380983 0.772536
0 0.079689 0.715683 0.538151 0.715683 0.538151 0.987687 0.079689 0.987687