1 0.468400 0.237728 0.487102 0.237728 0.487102 0.251140 0.468400 0.251140
1 0.604102 0.258043 0.625613 0.258043 0.625613 0.271662 0.604102 0.271662
1 0.727936 0.240067 0.747592 0.240067 0.747592 0.253209 0.727936 0.253209
1 0.278143 0.190153 0.326382 0.190153 0.326382 0.203804 0.278143 0.203804
1 0.525012 0.073085 0.581765 0.073085 0.581765 0.086505 0.525012 0.086505
1 0.609892 0.062087 0.620556 0.062087 0.620556 0.074108 0.609892 0.074108
1 0.635703 0.061559 0.678825 0.061559 0.678825 0.073976 0.635703 0.073976
1 0.715611 0.061691 0.726893 0.061691 0.726893 0.073844 0.715611 0.073844
1 0.180062 0.143065 0.192835 0.121638 0.206239 0.127475 0.193465 0.148902
1 0.208464 0.169474 0.231512 0.183268 0.222883 0.193799 0.199835 0.180006
1 0.826475 0.124367 0.854458 0.121853 0.856030 0.134640 0.828048 0.137154
1 0.502788 0.099990 0.525211 0.097976 0.526789 0.110809 0.504366 0.112823
1 0.541079 0.142038 0.541431 0.124801 0.553719 0.124985 0.553367 0.142221
1 0.635830 0.156835 0.636335 0.132101 0.649470 0.132297 0.648965 0.157031
1 0.459456 0.178089 0.459456 0.156202 0.472771 0.156202 0.472771 0.178089
1 0.480641 0.178089 0.480641 0.157911 0.492030 0.157911 0.492030 0.178089
1 0.312062 0.146519 0.312062 0.092923 0.325976 0.092923 0.325976 0.146519
1 0.329097 0.145460 0.329097 0.092664 0.343327 0.092664 0.343327 0.145460
1 0.274211 0.171516 0.274211 0.161216 0.287072 0.161216 0.287072 0.171516
1 0.219916 0.166442 0.219916 0.156143 0.232777 0.156143 0.232777 0.166442
0 0.082490 0.083847 0.328222 0.083847 0.328222 0.254167 0.082490 0.254167
0 0.305876 0.056885 0.885659 0.056885 0.885659 0.276210 0.305876 0.276210
0 0.058877 0.305917 0.881222 0.305917 0.881222 0.568221 0.058877 0.568221
0 0.074407 0.560637 0.886399 0.560637 0.886399 0.806508 0.074407 0.806508