1 0.424547 0.055654 0.449913 0.055654 0.449913 0.066494 0.424547 0.066494
1 0.464531 0.078252 0.494841 0.078252 0.494841 0.090379 0.464531 0.090379
1 0.321329 0.356011 0.360278 0.356011 0.360278 0.368032 0.321329 0.368032
1 0.278053 0.374240 0.308037 0.374240 0.308037 0.386129 0.278053 0.386129
1 0.317954 0.481274 0.366745 0.481274 0.366745 0.492984 0.317954 0.492984
1 0.317311 0.536724 0.365533 0.536724 0.365533 0.548745 0.317311 0.548745
1 0.298300 0.595244 0.334930 0.595244 0.334930 0.607133 0.298300 0.607133
1 0.303555 0.610436 0.328903 0.610436 0.328903 0.621400 0.303555 0.621400
1 0.289026 0.624703 0.343431 0.624703 0.343431 0.636724 0.289026 0.636724
1 0.298300 0.640819 0.335858 0.640819 0.335858 0.651123 0.298300 0.651123
1 0.304328 0.654954 0.329212 0.654954 0.329212 0.666579 0.304328 0.666579
1 0.602267 0.617732 0.658519 0.617732 0.658519 0.629714 0.602267 0.629714
1 0.616464 0.633961 0.653728 0.633961 0.653728 0.645639 0.616464 0.645639
1 0.650850 0.204095 0.679753 0.204095 0.679753 0.215456 0.650850 0.215456
1 0.487812 0.575721 0.487875 0.560340 0.501388 0.560380 0.501325 0.575761
1 0.505852 0.502127 0.505915 0.486745 0.519428 0.486786 0.519365 0.502167
1 0.487063 0.472394 0.487126 0.457012 0.500639 0.457053 0.500576 0.472434
1 0.173994 0.431014 0.174076 0.410824 0.188429 0.410866 0.188347 0.431057
1 0.173994 0.487279 0.174101 0.461029 0.185910 0.461065 0.185803 0.487314
1 0.551667 0.177549 0.552598 0.139528 0.566897 0.139784 0.565966 0.177805
1 0.749237 0.185311 0.749411 0.142866 0.764104 0.142910 0.763931 0.185354
1 0.487313 0.268464 0.506474 0.203743 0.522774 0.207268 0.503613 0.271989
1 0.294264 0.228531 0.314868 0.231383 0.312691 0.242868 0.292088 0.240016
1 0.166388 0.288296 0.214142 0.311107 0.206022 0.323525 0.158268 0.300714
1 0.505385 0.139559 0.510717 0.156806 0.497556 0.159778 0.492224 0.142531
1 0.109484 0.160237 0.138268 0.116218 0.151352 0.122468 0.122569 0.166487
0 0.105074 0.040837 0.525049 0.040837 0.525049 0.351501 0.105074 0.351501
0 0.545302 0.044481 0.812850 0.044481 0.812850 0.343302 0.545302 0.343302
0 0.137052 0.351501 0.526115 0.351501 0.526115 0.672186 0.137052 0.672186
0 0.563423 0.404341 0.817113 0.404341 0.817113 0.652143 0.563423 0.652143
0 0.089085 0.680385 0.455764 0.680385 0.455764 0.993782 0.089085 0.993782
0 0.486676 0.684030 0.851223 0.684030 0.851223 0.984672 0.486676 0.984672