1 0.594182 0.037565 0.611767 0.037565 0.611767 0.049422 0.594182 0.049422
1 0.493552 0.070632 0.512310 0.070632 0.512310 0.081153 0.493552 0.081153
1 0.557642 0.091173 0.575814 0.091173 0.575814 0.102530 0.557642 0.102530
1 0.624468 0.146953 0.634238 0.146953 0.634238 0.158309 0.624468 0.158309
1 0.535758 0.118729 0.553930 0.118729 0.553930 0.130085 0.535758 0.130085
1 0.494590 0.203170 0.511437 0.203170 0.511437 0.213738 0.494590 0.213738
1 0.590726 0.231968 0.615611 0.231968 0.615611 0.242668 0.590726 0.242668
1 0.696136 0.217437 0.712983 0.217437 0.712983 0.228930 0.696136 0.228930
1 0.729212 0.202114 0.747141 0.202114 0.747141 0.213342 0.729212 0.213342
1 0.785541 0.107044 0.796464 0.107044 0.796464 0.119959 0.785541 0.119959
1 0.123369 0.259974 0.179258 0.259974 0.179258 0.272232 0.123369 0.272232
1 0.236631 0.557569 0.252705 0.557569 0.252705 0.569194 0.236631 0.569194
1 0.246770 0.574478 0.264822 0.574478 0.264822 0.584412 0.246770 0.584412
1 0.320711 0.557781 0.330850 0.557781 0.330850 0.568560 0.320711 0.568560
1 0.594614 0.557149 0.614234 0.557149 0.614234 0.568785 0.594614 0.568785
1 0.384956 0.759993 0.410262 0.759993 0.410262 0.772305 0.384956 0.772305
1 0.321497 0.755335 0.347582 0.755335 0.347582 0.766648 0.321497 0.766648
1 0.502531 0.856822 0.519271 0.856822 0.519271 0.867803 0.502531 0.867803
1 0.337849 0.806245 0.364322 0.806245 0.364322 0.818557 0.337849 0.818557
1 0.605700 0.912391 0.623219 0.912391 0.623219 0.924037 0.605700 0.924037
1 0.358093 0.642866 0.384956 0.642866 0.384956 0.654180 0.358093 0.654180
1 0.250580 0.255922 0.253525 0.227158 0.269003 0.228315 0.266058 0.257079
1 0.412828 0.196037 0.412828 0.186318 0.425100 0.186318 0.425100 0.196037
1 0.630875 0.099988 0.646792 0.103889 0.643636 0.113295 0.627719 0.109394
1 0.135789 0.419652 0.135460 0.403562 0.149721 0.403349 0.150050 0.419439
1 0.152211 0.477819 0.151915 0.463333 0.163373 0.463162 0.163669 0.477648
1 0.167776 0.485454 0.167492 0.471545 0.179242 0.471370 0.179526 0.485279
1 0.368181 0.420388 0.367710 0.397341 0.380369 0.397153 0.380840 0.420199
1 0.357603 0.529132 0.356914 0.495412 0.369932 0.495218 0.370621 0.528938
1 0.803261 0.137900 0.802914 0.120917 0.815613 0.120728 0.815960 0.137711
1 0.788748 0.180750 0.788748 0.163258 0.800120 0.163258 0.800120 0.180750
1 0.667695 0.174364 0.667695 0.165437 0.679860 0.165437 0.679860 0.174364
1 0.678006 0.077548 0.696666 0.059835 0.705253 0.066444 0.686593 0.084156
1 0.216477 0.458294 0.231646 0.447024 0.239594 0.454837 0.224424 0.466108
1 0.234811 0.465074 0.247998 0.478039 0.238856 0.484831 0.225669 0.471866
1 0.314605 0.431994 0.329064 0.443928 0.320649 0.451375 0.306191 0.439442
1 0.398321 0.295772 0.394974 0.303633 0.381990 0.299594 0.385338 0.291733
0 0.112403 0.221975 0.403550 0.221975 0.403550 0.591651 0.112403 0.591651
0 0.407144 0.031504 0.822898 0.031504 0.822898 0.247576 0.407144 0.247576
0 0.433503 0.260888 0.774972 0.260888 0.774972 0.578339 0.433503 0.578339
0 0.151942 0.574242 0.815767 0.574242 0.815767 0.996442 0.151942 0.996442