1 0.191272 0.179104 0.209517 0.179104 0.209517 0.190688 0.191272 0.190688
1 0.254607 0.193138 0.283278 0.193138 0.283278 0.207395 0.254607 0.207395
1 0.528540 0.192025 0.554865 0.192025 0.554865 0.204054 0.528540 0.204054
1 0.739211 0.164100 0.759379 0.164100 0.759379 0.176702 0.739211 0.176702
1 0.744644 0.349595 0.779091 0.349595 0.779091 0.361992 0.744644 0.361992
1 0.368702 0.348532 0.402112 0.348532 0.402112 0.360808 0.368702 0.360808
1 0.296262 0.349332 0.329048 0.349332 0.329048 0.363209 0.296262 0.363209
1 0.319681 0.337056 0.339040 0.337056 0.339040 0.350133 0.319681 0.350133
1 0.224135 0.344795 0.242869 0.344795 0.242869 0.357071 0.224135 0.357071
1 0.156691 0.344795 0.184480 0.344795 0.184480 0.357338 0.156691 0.357338
1 0.103922 0.369347 0.137956 0.369347 0.137956 0.383491 0.103922 0.383491
1 0.086748 0.249523 0.097365 0.249523 0.097365 0.261799 0.086748 0.261799
1 0.298136 0.246587 0.330921 0.246587 0.330921 0.259397 0.298136 0.259397
1 0.302195 0.259130 0.322179 0.259130 0.322179 0.270339 0.302195 0.270339
1 0.123324 0.429795 0.158863 0.429795 0.158863 0.442976 0.123324 0.442976
1 0.356337 0.451286 0.376788 0.451286 0.376788 0.464181 0.356337 0.464181
1 0.421379 0.615767 0.441831 0.615767 0.441831 0.629521 0.421379 0.629521
1 0.215523 0.548141 0.236981 0.548141 0.236981 0.561609 0.215523 0.561609
1 0.269837 0.691990 0.303029 0.691990 0.303029 0.705458 0.269837 0.705458
1 0.706211 0.649532 0.726716 0.649532 0.726716 0.662534 0.706211 0.662534
1 0.651680 0.776608 0.684948 0.776608 0.684948 0.788456 0.651680 0.788456
1 0.840804 0.782959 0.874807 0.782959 0.874807 0.795905 0.840804 0.795905
1 0.739850 0.253990 0.749686 0.258274 0.743171 0.269203 0.733334 0.264919
1 0.746683 0.056821 0.751523 0.048340 0.764422 0.053718 0.759583 0.062198
1 0.856917 0.132772 0.856569 0.115720 0.871236 0.115501 0.871585 0.132553
1 0.322166 0.176431 0.321659 0.151599 0.335858 0.151387 0.336365 0.176219
1 0.145183 0.259682 0.144954 0.248470 0.159287 0.248256 0.159516 0.259468
1 0.088423 0.173356 0.110729 0.156784 0.120548 0.166438 0.098242 0.183010
1 0.251133 0.082055 0.268401 0.062470 0.279265 0.069467 0.261997 0.089053
1 0.118223 0.063572 0.138512 0.080913 0.128892 0.089134 0.108603 0.071794
1 0.279724 0.153566 0.297781 0.172624 0.287209 0.179942 0.269152 0.160883
1 0.730335 0.310219 0.730005 0.294062 0.744746 0.293842 0.745076 0.309999
1 0.398455 0.256859 0.408292 0.261142 0.401776 0.272072 0.391939 0.267788
1 0.143544 0.303373 0.143214 0.287216 0.157955 0.286996 0.158285 0.303153
1 0.077898 0.298283 0.077584 0.282908 0.090773 0.282711 0.091087 0.298086
1 0.060925 0.314207 0.060582 0.297439 0.074310 0.297234 0.074652 0.314003
0 0.084669 0.057822 0.728032 0.057822 0.728032 0.214650 0.084669 0.214650
0 0.735646 0.046108 0.878024 0.046108 0.878024 0.189271 0.735646 0.189271
0 0.057259 0.242632 0.782852 0.242632 0.782852 0.389049 0.057259 0.389049
0 0.054816 0.383142 0.888380 0.383142 0.888380 0.879930 0.054816 0.879930