1 0.498495 0.528937 0.584696 0.528937 0.584696 0.551168 0.498495 0.551168
1 0.453429 0.486616 0.512812 0.486616 0.512812 0.499131 0.453429 0.499131
1 0.388758 0.486616 0.412348 0.486616 0.412348 0.497740 0.388758 0.497740
1 0.352197 0.129423 0.403891 0.129423 0.403891 0.142811 0.352197 0.142811
1 0.572810 0.019637 0.591608 0.019637 0.591608 0.031909 0.572810 0.031909
1 0.507801 0.034364 0.567850 0.034364 0.567850 0.047306 0.507801 0.047306
1 0.630580 0.427486 0.641859 0.461105 0.628281 0.464433 0.617002 0.430814
1 0.733062 0.413204 0.756758 0.430199 0.747638 0.439488 0.723942 0.422494
1 0.764850 0.349906 0.789242 0.366195 0.780680 0.375561 0.756288 0.359273
1 0.677280 0.350462 0.705816 0.358860 0.701055 0.370679 0.672519 0.362281
1 0.698497 0.298004 0.736012 0.302510 0.734060 0.314385 0.696545 0.309878
1 0.724728 0.247911 0.752550 0.247952 0.752526 0.259855 0.724703 0.259814
1 0.593388 0.190800 0.618785 0.200510 0.613099 0.211375 0.587701 0.201665
1 0.579040 0.235642 0.595709 0.241139 0.590616 0.252421 0.573947 0.246923
1 0.493271 0.114062 0.529155 0.140816 0.519865 0.149918 0.483982 0.123163
1 0.241939 0.177547 0.266603 0.188335 0.259822 0.199661 0.235157 0.188873
1 0.339511 0.296376 0.371738 0.279231 0.378985 0.289182 0.346758 0.306327
1 0.485893 0.385320 0.504772 0.367463 0.515379 0.375654 0.496501 0.393512
1 0.316505 0.387736 0.359647 0.409111 0.352565 0.419553 0.309422 0.398178
1 0.145027 0.331107 0.145130 0.280650 0.159703 0.280672 0.159600 0.331128
1 0.128278 0.365493 0.128335 0.337641 0.142532 0.337662 0.142475 0.365514
1 0.129530 0.199699 0.129569 0.180438 0.142570 0.180458 0.142530 0.199718
1 0.591377 0.104122 0.605492 0.071155 0.619212 0.075447 0.605097 0.108413
1 0.768310 0.223872 0.767387 0.173687 0.781681 0.173495 0.782603 0.223680
1 0.789134 0.225075 0.789183 0.200820 0.802084 0.200839 0.802034 0.225094
1 0.788424 0.340255 0.788473 0.315999 0.801374 0.316018 0.801324 0.340274
0 0.123658 0.014477 0.811766 0.014477 0.811766 0.504877 0.123658 0.504877
0 0.237990 0.521163 0.683672 0.521163 0.683672 0.951847 0.237990 0.951847