1 0.397394 0.167300 0.424850 0.167300 0.424850 0.178427 0.397394 0.178427
1 0.396921 0.188744 0.423667 0.188744 0.423667 0.200679 0.396921 0.200679
1 0.279522 0.189755 0.306741 0.189755 0.306741 0.202702 0.279522 0.202702
1 0.370885 0.183079 0.383666 0.183079 0.383666 0.194206 0.370885 0.194206
1 0.292067 0.242757 0.317866 0.242757 0.317866 0.254491 0.292067 0.254491
1 0.407572 0.425837 0.432661 0.425837 0.432661 0.436963 0.407572 0.436963
1 0.313842 0.440807 0.339405 0.440807 0.339405 0.451528 0.313842 0.451528
1 0.674334 0.445688 0.699897 0.445688 0.699897 0.456410 0.674334 0.456410
1 0.715552 0.429401 0.751690 0.429401 0.751690 0.440796 0.715552 0.440796
1 0.709936 0.182431 0.728594 0.182431 0.728594 0.193380 0.709936 0.193380
1 0.322069 0.564967 0.347407 0.564967 0.347407 0.577480 0.322069 0.577480
1 0.262948 0.590233 0.290257 0.590233 0.290257 0.602264 0.262948 0.602264
1 0.200730 0.591195 0.226349 0.591195 0.226349 0.603707 0.200730 0.603707
1 0.165821 0.608279 0.191721 0.608279 0.191721 0.619829 0.165821 0.619829
1 0.237048 0.639560 0.261822 0.639560 0.261822 0.652312 0.237048 0.652312
1 0.333612 0.656403 0.360357 0.656403 0.360357 0.668193 0.333612 0.668193
1 0.305178 0.671081 0.327700 0.671081 0.327700 0.681428 0.305178 0.681428
1 0.311653 0.709339 0.338680 0.709339 0.338680 0.720889 0.311653 0.720889
1 0.573222 0.518433 0.592050 0.518433 0.592050 0.529551 0.573222 0.529551
1 0.556448 0.562027 0.583150 0.562027 0.583150 0.574316 0.556448 0.574316
1 0.674652 0.591810 0.701082 0.591810 0.701082 0.603831 0.674652 0.603831
1 0.610510 0.622193 0.635085 0.622193 0.635085 0.633289 0.610510 0.633289
1 0.644204 0.640687 0.670943 0.640687 0.670943 0.652840 0.644204 0.652840
1 0.717929 0.647160 0.744049 0.647160 0.744049 0.658653 0.717929 0.658653
1 0.750850 0.630515 0.776971 0.630515 0.776971 0.642140 0.750850 0.642140
1 0.684389 0.662351 0.710665 0.662351 0.710665 0.673712 0.684389 0.673712
1 0.688563 0.695112 0.714529 0.695112 0.714529 0.706473 0.688563 0.706473
1 0.792581 0.663408 0.819011 0.663408 0.819011 0.675033 0.792581 0.675033
1 0.514027 0.729018 0.553685 0.729018 0.553685 0.751266 0.514027 0.751266
1 0.410707 0.258130 0.457639 0.253205 0.459411 0.265545 0.412480 0.270470
1 0.454279 0.211171 0.460581 0.249499 0.446052 0.251244 0.439750 0.212916
1 0.277108 0.369068 0.310433 0.340585 0.320450 0.349147 0.287125 0.377629
1 0.211328 0.351419 0.251669 0.368236 0.245431 0.379167 0.205089 0.362350
1 0.419598 0.391498 0.419598 0.421921 0.406143 0.421921 0.406143 0.391498
1 0.154193 0.413915 0.153891 0.397503 0.165638 0.397346 0.165940 0.413757
1 0.477675 0.348798 0.477271 0.326811 0.489152 0.326652 0.489556 0.348639
1 0.493930 0.335356 0.493538 0.314028 0.506009 0.313861 0.506401 0.335188
1 0.510148 0.328783 0.509745 0.306855 0.522589 0.306682 0.522992 0.328611
1 0.726548 0.381117 0.755399 0.410504 0.744498 0.418322 0.715647 0.388935
0 0.171655 0.005107 0.479266 0.005107 0.479266 0.147517 0.171655 0.147517
0 0.146021 0.163627 0.529781 0.163627 0.529781 0.457470 0.146021 0.457470
0 0.605176 0.178448 0.783862 0.178448 0.783862 0.461336 0.605176 0.461336
0 0.122649 0.481313 0.477759 0.481313 0.477759 0.726826 0.122649 0.726826
1 0.124748 0.636539 0.151365 0.636539 0.151365 0.648369 0.124748 0.648369
0 0.515502 0.481336 0.820919 0.481336 0.820919 0.709545 0.515502 0.709545
0 0.147115 0.737242 0.431000 0.737242 0.431000 0.962351 0.147115 0.962351
0 0.426269 0.719044 0.796108 0.719044 0.796108 0.965047 0.426269 0.965047