1 0.302648 0.246153 0.319257 0.246153 0.319257 0.257677 0.302648 0.257677
1 0.222965 0.286955 0.239974 0.286955 0.239974 0.299280 0.222965 0.299280
1 0.284345 0.287903 0.302094 0.287903 0.302094 0.299596 0.284345 0.299596
1 0.584960 0.286639 0.644491 0.286639 0.644491 0.299912 0.584960 0.299912
1 0.639759 0.342123 0.670280 0.342123 0.670280 0.354497 0.639759 0.354497
1 0.387577 0.426376 0.406434 0.426376 0.406434 0.438176 0.387577 0.438176
1 0.582380 0.554161 0.619784 0.554161 0.619784 0.565654 0.582380 0.565654
1 0.149844 0.135459 0.150184 0.118836 0.162703 0.119023 0.162364 0.135646
1 0.133354 0.438365 0.133844 0.414363 0.147785 0.414571 0.147295 0.438573
1 0.152241 0.452180 0.152616 0.433802 0.165251 0.433990 0.164875 0.452368
1 0.152202 0.513624 0.152537 0.497212 0.165041 0.497398 0.164706 0.513811
1 0.461851 0.507796 0.461851 0.468484 0.474632 0.468484 0.474632 0.507796
1 0.462171 0.405775 0.462171 0.389147 0.473700 0.389147 0.473700 0.405775
1 0.462531 0.362049 0.462531 0.320916 0.476582 0.320916 0.476582 0.362049
1 0.404947 0.065052 0.427175 0.047946 0.436057 0.056377 0.413829 0.073482
1 0.205924 0.056325 0.233249 0.066723 0.227850 0.077087 0.200525 0.066689
1 0.414997 0.185976 0.433230 0.202114 0.424528 0.209296 0.406294 0.193158
1 0.671644 0.200566 0.692285 0.186280 0.700706 0.195168 0.680065 0.209454
1 0.338485 0.348613 0.348377 0.348613 0.348377 0.359049 0.338485 0.359049
1 0.419301 0.348527 0.429657 0.348527 0.429657 0.358714 0.419301 0.358714
0 0.146269 0.027621 0.465224 0.027621 0.465224 0.264801 0.146269 0.264801
0 0.522130 0.033025 0.811578 0.033025 0.811578 0.279813 0.522130 0.279813
0 0.546719 0.282815 0.809470 0.282815 0.809470 0.598055 0.546719 0.598055
0 0.113953 0.279813 0.503161 0.279813 0.503161 0.575237 0.113953 0.575237
0 0.086231 0.613716 0.454383 0.613716 0.454383 0.974240 0.086231 0.974240
0 0.479070 0.618303 0.848296 0.618303 0.848296 0.956811 0.479070 0.956811