1 0.121793 0.550462 0.159196 0.550462 0.159196 0.563144 0.121793 0.563144
1 0.254714 0.551387 0.280526 0.551387 0.280526 0.562880 0.254714 0.562880
1 0.259196 0.567768 0.277589 0.567768 0.277589 0.578864 0.259196 0.578864
1 0.374189 0.551123 0.410974 0.551123 0.410974 0.563408 0.374189 0.563408
1 0.759505 0.550198 0.776352 0.550198 0.776352 0.561427 0.759505 0.561427
1 0.718547 0.567635 0.737403 0.567635 0.737403 0.578732 0.718547 0.578732
1 0.703377 0.455634 0.753674 0.455634 0.753674 0.468397 0.703377 0.468397
1 0.769799 0.179337 0.788609 0.179337 0.788609 0.191152 0.769799 0.191152
1 0.752122 0.120453 0.770026 0.120453 0.770026 0.131688 0.752122 0.131688
1 0.827589 0.123940 0.847079 0.123940 0.847079 0.135368 0.827589 0.135368
1 0.763227 0.073385 0.795408 0.073385 0.795408 0.085007 0.763227 0.085007
1 0.737845 0.013340 0.757788 0.013340 0.757788 0.024768 0.737845 0.024768
1 0.314596 0.763177 0.333424 0.763177 0.333424 0.775319 0.314596 0.775319
1 0.351225 0.796238 0.368855 0.796238 0.368855 0.808381 0.351225 0.808381
1 0.395385 0.769175 0.413870 0.769175 0.413870 0.781024 0.395385 0.781024
1 0.324266 0.893923 0.343431 0.893923 0.343431 0.906077 0.324266 0.906077
1 0.393354 0.892867 0.411592 0.892867 0.411592 0.904095 0.393354 0.904095
1 0.600449 0.170832 0.640916 0.168414 0.641892 0.180346 0.601425 0.182764
1 0.686117 0.236326 0.733145 0.211210 0.740373 0.221096 0.693345 0.246212
1 0.802205 0.208118 0.840500 0.234622 0.830243 0.245448 0.791948 0.218944
1 0.733452 0.326115 0.760434 0.326115 0.760434 0.336894 0.733452 0.336894
1 0.825250 0.395048 0.825250 0.376990 0.837262 0.376990 0.837262 0.395048
1 0.819657 0.352837 0.823490 0.390285 0.812082 0.391138 0.808249 0.353690
1 0.640890 0.350653 0.644588 0.386776 0.632593 0.387673 0.628895 0.351550
1 0.564238 0.361524 0.601236 0.359313 0.602159 0.370585 0.565161 0.372796
1 0.666288 0.113620 0.665824 0.090913 0.679650 0.090706 0.680114 0.113414
1 0.837838 0.115216 0.837375 0.092509 0.851201 0.092302 0.851665 0.115010
1 0.448502 0.141494 0.448502 0.125090 0.461315 0.125090 0.461315 0.141494
1 0.496895 0.080986 0.497880 0.105084 0.483938 0.105500 0.482953 0.081402
1 0.382703 0.137921 0.408312 0.170371 0.396224 0.177340 0.370615 0.144890
1 0.128437 0.169618 0.153580 0.136904 0.165767 0.143746 0.140624 0.176461
1 0.620614 0.500206 0.620614 0.484637 0.631944 0.484637 0.631944 0.500206
1 0.620133 0.533128 0.620133 0.516975 0.631501 0.516975 0.631501 0.533128
1 0.832833 0.483561 0.834151 0.499674 0.822811 0.500352 0.821493 0.484239
1 0.631486 0.257461 0.632220 0.266427 0.618370 0.267255 0.617637 0.258289
0 0.084533 0.029165 0.470222 0.029165 0.470222 0.241253 0.084533 0.241253
0 0.475894 0.003715 0.863002 0.003715 0.863002 0.197623 0.475894 0.197623
0 0.495746 0.206107 0.848822 0.206107 0.848822 0.589077 0.495746 0.589077
0 0.083115 0.259432 0.447535 0.259432 0.447535 0.586653 0.083115 0.586653
0 0.091623 0.591501 0.460297 0.591501 0.460297 0.982954 0.091623 0.982954
0 0.535449 0.592713 0.765162 0.592713 0.765162 0.957504 0.535449 0.957504