1 0.514046 0.385942 0.576018 0.385942 0.576018 0.398392 0.514046 0.398392
1 0.629422 0.604759 0.649804 0.604759 0.649804 0.617243 0.629422 0.617243
1 0.320546 0.378654 0.360639 0.378654 0.360639 0.391332 0.320546 0.391332
1 0.274438 0.339931 0.335781 0.339931 0.335781 0.352953 0.274438 0.352953
1 0.793752 0.548434 0.793752 0.505074 0.808393 0.505074 0.808393 0.548434
1 0.813431 0.502322 0.813431 0.461422 0.826750 0.461422 0.826750 0.502322
1 0.794194 0.459233 0.794194 0.415692 0.808402 0.415692 0.808402 0.459233
1 0.795745 0.363132 0.795745 0.329982 0.808011 0.329982 0.808011 0.363132
1 0.643264 0.447988 0.643264 0.431607 0.656983 0.431607 0.656983 0.447988
1 0.643227 0.531238 0.643227 0.514856 0.656946 0.514856 0.656946 0.531238
1 0.687153 0.238770 0.709583 0.254293 0.701034 0.263316 0.678604 0.247792
1 0.565344 0.251218 0.588986 0.237070 0.596778 0.246580 0.573136 0.260729
1 0.794623 0.156805 0.794623 0.125573 0.809767 0.125573 0.809767 0.156805
1 0.344587 0.270578 0.369552 0.265258 0.372885 0.276684 0.347920 0.282004
1 0.363896 0.283901 0.384972 0.296514 0.377069 0.306161 0.355993 0.293548
1 0.214762 0.368111 0.256951 0.402933 0.247786 0.411044 0.205597 0.376223
1 0.250103 0.163699 0.272798 0.182431 0.263610 0.190562 0.240916 0.171831
1 0.125502 0.179260 0.139413 0.167371 0.149252 0.175781 0.135341 0.187670
1 0.078040 0.274964 0.104984 0.266124 0.110149 0.277624 0.083205 0.286464
1 0.180876 0.256639 0.200760 0.257827 0.199923 0.268063 0.180039 0.266874
1 0.583715 0.017429 0.608454 0.030134 0.601458 0.040086 0.576719 0.027381
1 0.675241 0.030198 0.692067 0.022259 0.698595 0.032365 0.681768 0.040304
0 0.071006 0.136261 0.493306 0.136261 0.493306 0.415024 0.071006 0.415024
0 0.487221 0.014562 0.815813 0.014562 0.815813 0.309968 0.487221 0.309968
0 0.455579 0.325570 0.860842 0.325570 0.860842 0.637618 0.455579 0.637618
0 0.089261 0.637618 0.454362 0.637618 0.454362 0.990233 0.089261 0.990233
0 0.482353 0.635538 0.846238 0.635538 0.846238 0.991273 0.482353 0.991273
1 0.794103 0.632514 0.794103 0.598789 0.808869 0.598789 0.808869 0.632514