1 0.154537 0.293416 0.173100 0.293416 0.173100 0.304939 0.154537 0.304939
1 0.226053 0.293750 0.244225 0.293750 0.244225 0.304438 0.226053 0.304438
1 0.338211 0.307277 0.362049 0.307277 0.362049 0.319468 0.338211 0.319468
1 0.207883 0.196301 0.225039 0.196301 0.225039 0.207266 0.207883 0.207266
1 0.277101 0.356480 0.302030 0.356480 0.302030 0.367795 0.277101 0.367795
1 0.375734 0.526552 0.401082 0.526552 0.401082 0.538309 0.375734 0.538309
1 0.577486 0.357252 0.594773 0.357252 0.594773 0.368157 0.577486 0.368157
1 0.562462 0.370620 0.586747 0.370620 0.586747 0.383109 0.562462 0.383109
1 0.304145 0.407727 0.329966 0.407727 0.329966 0.420092 0.304145 0.420092
1 0.694759 0.622886 0.715552 0.622886 0.715552 0.636511 0.694759 0.636511
1 0.619165 0.809908 0.638794 0.809908 0.638794 0.822193 0.619165 0.822193
1 0.216204 0.812215 0.235706 0.812215 0.235706 0.823161 0.216204 0.823161
1 0.309348 0.857492 0.327685 0.857492 0.327685 0.869185 0.309348 0.869185
1 0.368435 0.887096 0.384735 0.887096 0.384735 0.898540 0.368435 0.898540
1 0.411223 0.887594 0.428105 0.887594 0.428105 0.900282 0.411223 0.900282
1 0.388519 0.917696 0.406566 0.917696 0.406566 0.929388 0.388519 0.929388
1 0.495877 0.149521 0.495877 0.132592 0.507958 0.132592 0.507958 0.149521
1 0.232141 0.240819 0.232141 0.227329 0.245131 0.227329 0.245131 0.240819
1 0.097194 0.276737 0.097194 0.263247 0.110184 0.263247 0.110184 0.276737
1 0.082020 0.183556 0.082020 0.163085 0.094868 0.163085 0.094868 0.183556
1 0.097612 0.233637 0.097612 0.207328 0.110450 0.207328 0.110450 0.233637
1 0.820303 0.185337 0.820303 0.164259 0.835858 0.164259 0.835858 0.185337
1 0.095307 0.497130 0.095307 0.458934 0.107667 0.458934 0.107667 0.497130
1 0.154071 0.409758 0.220114 0.422789 0.216826 0.434965 0.150782 0.421933
1 0.657551 0.487978 0.657551 0.448756 0.670903 0.448756 0.670903 0.487978
1 0.566511 0.502464 0.623174 0.499077 0.624111 0.510532 0.567448 0.513918
1 0.713201 0.366731 0.718193 0.407319 0.704176 0.408578 0.699184 0.367990
1 0.531405 0.061541 0.553382 0.071528 0.547276 0.081343 0.525299 0.071355
0 0.067346 0.031820 0.659636 0.031820 0.659636 0.328805 0.067346 0.328805
0 0.685584 0.031820 0.843528 0.031820 0.843528 0.318198 0.685584 0.318198
0 0.089910 0.350018 0.725070 0.350018 0.725070 0.545758 0.089910 0.545758
0 0.333595 0.544794 0.810811 0.544794 0.810811 0.845635 0.333595 0.845635
0 0.103448 0.690393 0.579536 0.690393 0.579536 0.963272 0.103448 0.963272