1 0.317121 0.036355 0.349549 0.036355 0.349549 0.049313 0.317121 0.049313
1 0.450202 0.041754 0.468311 0.041754 0.468311 0.054712 0.450202 0.054712
1 0.582441 0.039594 0.595496 0.039594 0.595496 0.051832 0.582441 0.051832
1 0.449304 0.155746 0.468470 0.155746 0.468470 0.166579 0.449304 0.166579
1 0.478516 0.138970 0.486090 0.138970 0.486090 0.149934 0.478516 0.149934
1 0.157032 0.181374 0.203246 0.181374 0.203246 0.194055 0.157032 0.194055
1 0.106863 0.231365 0.138357 0.231365 0.138357 0.241323 0.106863 0.241323
1 0.091036 0.360502 0.117929 0.360502 0.117929 0.372655 0.091036 0.372655
1 0.713765 0.192211 0.790947 0.192211 0.790947 0.204569 0.713765 0.204569
1 0.511283 0.710964 0.538176 0.710964 0.538176 0.721400 0.511283 0.721400
1 0.432148 0.599472 0.441731 0.599472 0.441731 0.610172 0.432148 0.610172
1 0.473107 0.599868 0.481917 0.599868 0.481917 0.610040 0.473107 0.610040
1 0.489799 0.615852 0.505719 0.615852 0.505719 0.626024 0.489799 0.626024
1 0.408192 0.615720 0.425039 0.615720 0.425039 0.626684 0.408192 0.626684
1 0.263316 0.677581 0.308012 0.677581 0.308012 0.696948 0.263316 0.696948
1 0.279569 0.867383 0.297072 0.867383 0.297072 0.880206 0.279569 0.880206
1 0.285508 0.915335 0.302386 0.915335 0.302386 0.927089 0.285508 0.927089
1 0.353489 0.883946 0.370836 0.883946 0.370836 0.895834 0.353489 0.895834
1 0.232921 0.884808 0.248841 0.884808 0.248841 0.897094 0.232921 0.897094
1 0.416383 0.823382 0.435085 0.823382 0.435085 0.834875 0.416383 0.834875
1 0.460587 0.822589 0.479289 0.822589 0.479289 0.834346 0.460587 0.834346
1 0.442195 0.849406 0.459351 0.849406 0.459351 0.860238 0.442195 0.860238
1 0.754869 0.811096 0.770325 0.811096 0.770325 0.822853 0.754869 0.822853
1 0.722775 0.599309 0.733089 0.599309 0.733089 0.611597 0.722775 0.611597
1 0.768877 0.570458 0.815920 0.570458 0.815920 0.581506 0.768877 0.581506
1 0.141886 0.585073 0.153168 0.585073 0.153168 0.595641 0.141886 0.595641
1 0.180526 0.601585 0.216692 0.601585 0.216692 0.613474 0.180526 0.613474
1 0.757351 0.505504 0.763913 0.465603 0.777964 0.467290 0.771402 0.507192
1 0.746948 0.574518 0.749552 0.558682 0.760288 0.559972 0.757684 0.575808
1 0.805805 0.316593 0.805151 0.300585 0.817158 0.300226 0.817812 0.316235
1 0.787782 0.313727 0.787128 0.297719 0.799134 0.297360 0.799788 0.313369
1 0.658638 0.344967 0.657984 0.328958 0.669990 0.328600 0.670644 0.344609
1 0.674600 0.340686 0.673946 0.324677 0.685952 0.324319 0.686606 0.340327
1 0.734901 0.348583 0.740067 0.333185 0.751615 0.336015 0.746450 0.351413
1 0.656867 0.273224 0.663056 0.222895 0.679218 0.224347 0.673029 0.274676
1 0.599819 0.158794 0.599472 0.150313 0.611453 0.149955 0.611799 0.158437
1 0.299182 0.263897 0.299182 0.249944 0.311426 0.249944 0.311426 0.263897
1 0.224098 0.327581 0.224098 0.319737 0.235265 0.319737 0.235265 0.327581
1 0.111592 0.312153 0.111592 0.297008 0.123539 0.297008 0.123539 0.312153
1 0.089592 0.301816 0.089592 0.260771 0.101580 0.260771 0.101580 0.301816
1 0.238494 0.412088 0.238494 0.391194 0.250175 0.391194 0.250175 0.412088
0 0.083205 0.177675 0.260433 0.177675 0.260433 0.619771 0.083205 0.619771
0 0.304740 0.031484 0.620041 0.031484 0.620041 0.174152 0.304740 0.174152
0 0.278980 0.183840 0.627254 0.183840 0.627254 0.651475 0.278980 0.651475
0 0.653014 0.185601 0.839516 0.185601 0.839516 0.618010 0.653014 0.618010
0 0.078053 0.769485 0.445904 0.769485 0.445904 0.989652 0.078053 0.989652
0 0.316074 0.648833 0.680835 0.648833 0.680835 0.866358 0.316074 0.866358
0 0.493302 0.754513 0.861154 0.754513 0.861154 0.951783 0.493302 0.951783