1 0.143089 0.685255 0.171765 0.685255 0.171765 0.698980 0.143089 0.698980
1 0.272415 0.685010 0.298509 0.685010 0.298509 0.696039 0.272415 0.696039
1 0.672711 0.654058 0.690994 0.654058 0.690994 0.665335 0.672711 0.665335
1 0.599454 0.550090 0.626806 0.550090 0.626806 0.560511 0.599454 0.560511
1 0.711019 0.517073 0.737752 0.517073 0.737752 0.527634 0.711019 0.527634
1 0.562825 0.404535 0.621220 0.404535 0.621220 0.417915 0.562825 0.417915
1 0.254304 0.408509 0.278180 0.408509 0.278180 0.420353 0.254304 0.420353
1 0.312077 0.425272 0.338938 0.425272 0.338938 0.436751 0.312077 0.436751
1 0.140495 0.027213 0.189933 0.027213 0.189933 0.040197 0.140495 0.040197
1 0.286553 0.013871 0.314219 0.013871 0.314219 0.024835 0.286553 0.024835
1 0.634753 0.011948 0.662799 0.011948 0.662799 0.023666 0.634753 0.023666
1 0.609513 0.028460 0.635377 0.028460 0.635377 0.039646 0.609513 0.039646
1 0.744977 0.402838 0.780835 0.382166 0.789212 0.392781 0.753354 0.413453
1 0.722572 0.403586 0.760896 0.428269 0.751955 0.438411 0.713631 0.413727
1 0.807972 0.375552 0.828621 0.402728 0.816150 0.409650 0.795501 0.382474
1 0.707710 0.312773 0.730821 0.370139 0.717295 0.374119 0.694184 0.316754
1 0.752664 0.150914 0.753105 0.129323 0.766354 0.129520 0.765913 0.151112
1 0.773010 0.169116 0.773451 0.147524 0.786700 0.147722 0.786259 0.169313
1 0.428533 0.133867 0.428974 0.112276 0.442223 0.112474 0.441782 0.134065
1 0.445172 0.162142 0.445613 0.140551 0.458863 0.140749 0.458422 0.162340
1 0.462789 0.236487 0.463230 0.214896 0.476479 0.215093 0.476038 0.236684
0 0.134907 0.008636 0.482305 0.008636 0.482305 0.444444 0.134907 0.444444
0 0.523473 0.007401 0.832592 0.007401 0.832592 0.441357 0.523473 0.441357
0 0.080739 0.447530 0.467860 0.447530 0.467860 0.761732 0.080739 0.761732
0 0.441137 0.475308 0.863648 0.475308 0.863648 0.785189 0.441137 0.785189
0 0.152241 0.689509 0.496028 0.689509 0.496028 0.998679 0.152241 0.998679