1 0.373488 0.163659 0.397631 0.163659 0.397631 0.174988 0.373488 0.174988
1 0.399691 0.178468 0.443122 0.178468 0.443122 0.189036 0.399691 0.189036
1 0.454560 0.191810 0.498300 0.191810 0.498300 0.202642 0.454560 0.202642
1 0.393674 0.278655 0.420024 0.278655 0.420024 0.289579 0.393674 0.289579
1 0.158423 0.419419 0.176352 0.419419 0.176352 0.430647 0.158423 0.430647
1 0.439567 0.459049 0.447759 0.459049 0.447759 0.470674 0.439567 0.470674
1 0.551468 0.459313 0.558887 0.459313 0.558887 0.470410 0.551468 0.470410
1 0.444513 0.498811 0.491654 0.498811 0.491654 0.510964 0.444513 0.510964
1 0.329985 0.535271 0.348377 0.535271 0.348377 0.546499 0.329985 0.546499
1 0.384080 0.530779 0.402009 0.530779 0.402009 0.541347 0.384080 0.541347
1 0.469552 0.536196 0.486708 0.536196 0.486708 0.547160 0.469552 0.547160
1 0.496909 0.531044 0.514529 0.531044 0.514529 0.542272 0.496909 0.542272
1 0.646677 0.547688 0.664915 0.547688 0.664915 0.558785 0.646677 0.558785
1 0.745286 0.570542 0.774189 0.570542 0.774189 0.582166 0.745286 0.582166
1 0.664142 0.466579 0.694127 0.466579 0.694127 0.478864 0.664142 0.478864
1 0.710819 0.472787 0.728439 0.472787 0.728439 0.484808 0.710819 0.484808
1 0.375993 0.650867 0.392871 0.650867 0.392871 0.662621 0.375993 0.662621
1 0.250386 0.839498 0.266151 0.839498 0.266151 0.851123 0.250386 0.851123
1 0.329985 0.817569 0.347141 0.817569 0.347141 0.829590 0.329985 0.829590
1 0.668779 0.762351 0.693199 0.762351 0.693199 0.775297 0.668779 0.775297
1 0.612210 0.933950 0.635703 0.933950 0.635703 0.945443 0.612210 0.945443
1 0.693663 0.951387 0.717311 0.951387 0.717311 0.961691 0.693663 0.961691
1 0.712210 0.882431 0.737403 0.882431 0.737403 0.893131 0.712210 0.893131
1 0.223488 0.510501 0.223488 0.461105 0.236744 0.461105 0.236744 0.510501
1 0.343053 0.456347 0.363997 0.456347 0.363997 0.475607 0.343053 0.475607
1 0.113918 0.424824 0.113918 0.398738 0.126297 0.398738 0.126297 0.424824
1 0.114553 0.363382 0.114553 0.354171 0.125109 0.354171 0.125109 0.363382
1 0.199761 0.407114 0.199761 0.392370 0.211032 0.392370 0.211032 0.407114
1 0.232614 0.392907 0.232614 0.378162 0.243885 0.378162 0.243885 0.392907
1 0.154831 0.364120 0.170936 0.369404 0.166897 0.378397 0.150792 0.373113
1 0.355685 0.318036 0.366157 0.337231 0.355857 0.341336 0.345384 0.322141
1 0.610528 0.335355 0.627428 0.350844 0.619115 0.357469 0.602215 0.341980
1 0.431284 0.413589 0.445750 0.421929 0.439738 0.429546 0.425272 0.421207
1 0.437482 0.388689 0.446067 0.374288 0.455840 0.378544 0.447255 0.392945
1 0.426660 0.375241 0.431457 0.367194 0.441364 0.371509 0.436567 0.379556
1 0.641361 0.389105 0.641545 0.380076 0.652663 0.380241 0.652478 0.389271
1 0.641142 0.400344 0.641322 0.391502 0.653372 0.391681 0.653191 0.400524
1 0.641108 0.413235 0.641288 0.404392 0.653338 0.404572 0.653157 0.413414
1 0.480371 0.258917 0.480990 0.228615 0.493362 0.228799 0.492743 0.259101
1 0.545404 0.223449 0.571252 0.219155 0.573616 0.229548 0.547768 0.233842
1 0.719159 0.126427 0.735247 0.133133 0.729832 0.142622 0.713745 0.135915
1 0.728439 0.144329 0.737736 0.148205 0.732814 0.156831 0.723516 0.152955
1 0.782505 0.058821 0.791802 0.062697 0.786880 0.071323 0.777582 0.067447
1 0.746585 0.043441 0.773570 0.054690 0.767937 0.064562 0.740952 0.053312
1 0.742335 0.203910 0.751369 0.189390 0.761869 0.194162 0.752836 0.208682
1 0.722323 0.271203 0.731357 0.256683 0.741857 0.261455 0.732824 0.275975
1 0.571787 0.513346 0.571787 0.503331 0.582586 0.503331 0.582586 0.513346
1 0.792832 0.108974 0.797784 0.099897 0.807571 0.103798 0.802619 0.112875
1 0.740568 0.099275 0.747292 0.086951 0.757728 0.091111 0.751005 0.103435
1 0.738949 0.125892 0.743734 0.117122 0.753710 0.121098 0.748925 0.129868
0 0.109393 0.032698 0.826335 0.032698 0.826335 0.457120 0.109393 0.457120
0 0.218044 0.451234 0.591435 0.451234 0.591435 0.553906 0.218044 0.553906
0 0.609033 0.436193 0.815623 0.436193 0.815623 0.642845 0.609033 0.642845
0 0.093325 0.572217 0.485080 0.572217 0.485080 0.980290 0.093325 0.980290
0 0.449118 0.576795 0.824805 0.576795 0.824805 0.973750 0.449118 0.973750