1 0.534394 0.475289 0.559330 0.475289 0.559330 0.487415 0.534394 0.487415
1 0.452388 0.456976 0.479950 0.456976 0.479950 0.467372 0.452388 0.467372
1 0.308376 0.489120 0.325055 0.489120 0.325055 0.500841 0.308376 0.500841
1 0.372312 0.489437 0.390845 0.489437 0.390845 0.501316 0.372312 0.501316
1 0.729051 0.434248 0.794046 0.434248 0.794046 0.448694 0.729051 0.448694
1 0.673777 0.241005 0.674251 0.217824 0.687446 0.218020 0.686973 0.241202
1 0.760654 0.159464 0.760923 0.146295 0.774515 0.146497 0.774246 0.159667
1 0.797085 0.183682 0.797310 0.172688 0.809339 0.172868 0.809114 0.183862
1 0.760506 0.252438 0.760731 0.241444 0.772760 0.241623 0.772535 0.252617
1 0.796593 0.279967 0.796818 0.268973 0.808847 0.269152 0.808622 0.280146
1 0.798202 0.090802 0.798427 0.079808 0.810456 0.079988 0.810231 0.090982
1 0.718865 0.418961 0.732531 0.419185 0.732248 0.431749 0.718583 0.431525
1 0.721490 0.020564 0.735155 0.020789 0.734873 0.033353 0.721207 0.033128
1 0.759303 0.099576 0.772968 0.099800 0.772686 0.112364 0.759021 0.112140
1 0.758472 0.338113 0.758472 0.365322 0.772751 0.365322 0.772751 0.338113
1 0.795667 0.365113 0.795667 0.374129 0.808111 0.374129 0.808111 0.365113
1 0.232151 0.362440 0.233024 0.319672 0.247278 0.319885 0.246404 0.362652
1 0.436940 0.495244 0.448223 0.495244 0.448223 0.507001 0.436940 0.507001
1 0.451932 0.498283 0.465533 0.498283 0.465533 0.510700 0.451932 0.510700
1 0.583629 0.508066 0.596018 0.508066 0.596018 0.518654 0.583629 0.518654
1 0.629250 0.505545 0.639868 0.505545 0.639868 0.517477 0.629250 0.517477
1 0.655487 0.506172 0.655487 0.522325 0.667289 0.522325 0.667289 0.506172
1 0.267533 0.513939 0.267533 0.530092 0.279336 0.530092 0.279336 0.513939
1 0.178116 0.536526 0.141358 0.512853 0.129239 0.526599 0.165996 0.550272
1 0.180371 0.449538 0.199691 0.449538 0.199691 0.472787 0.180371 0.472787
1 0.558683 0.536967 0.610138 0.536967 0.610138 0.550309 0.558683 0.550309
1 0.636540 0.555909 0.636540 0.565462 0.647817 0.565462 0.647817 0.555909
1 0.233441 0.182356 0.234493 0.130846 0.248666 0.131058 0.247614 0.182567
1 0.235281 0.281460 0.235470 0.272209 0.247449 0.272388 0.247260 0.281639
1 0.233643 0.410919 0.233832 0.401668 0.245811 0.401846 0.245622 0.411097
1 0.236711 0.043796 0.236889 0.035063 0.250850 0.035271 0.250672 0.044004
0 0.085184 0.568091 0.853823 0.568091 0.853823 0.976832 0.085184 0.976832
0 0.668768 0.015994 0.817783 0.015994 0.817783 0.454354 0.668768 0.454354
0 0.184990 0.024288 0.255685 0.024288 0.255685 0.421773 0.184990 0.421773
0 0.296578 0.022510 0.641044 0.022510 0.641044 0.427697 0.296578 0.427697
0 0.108432 0.436947 0.260924 0.436947 0.260924 0.565513 0.108432 0.565513
0 0.265576 0.454620 0.673944 0.454620 0.673944 0.569048 0.265576 0.569048