1 0.324575 0.011053 0.367158 0.011053 0.367158 0.024263 0.324575 0.024263
1 0.400672 0.042124 0.434975 0.071442 0.424752 0.080180 0.390449 0.050861
1 0.516529 0.062773 0.557669 0.084745 0.550008 0.095224 0.508867 0.073252
1 0.175805 0.278116 0.216490 0.300698 0.208616 0.311061 0.167931 0.288479
1 0.482521 0.306515 0.521798 0.280288 0.530836 0.290175 0.491559 0.316402
1 0.772775 0.299283 0.815499 0.321224 0.807939 0.331979 0.765214 0.310038
1 0.594779 0.334511 0.594779 0.316603 0.608733 0.316603 0.608733 0.334511
0 0.100792 0.006569 0.593504 0.006569 0.593504 0.165673 0.100792 0.165673
0 0.099939 0.264201 0.617414 0.264201 0.617414 0.391922 0.099939 0.391922
0 0.721592 0.261281 0.873590 0.261281 0.873590 0.387543 0.721592 0.387543
0 0.092253 0.461257 0.889814 0.461257 0.889814 0.956816 0.092253 0.956816