1 0.309814 0.239510 0.351493 0.239510 0.351493 0.253165 0.309814 0.253165
1 0.514683 0.111625 0.537252 0.097142 0.546229 0.107360 0.523660 0.121843
1 0.448228 0.077905 0.458980 0.055160 0.471715 0.059557 0.460963 0.082302
1 0.312855 0.124034 0.335394 0.108983 0.344480 0.118922 0.321940 0.133973
1 0.058269 0.361870 0.058269 0.347160 0.071499 0.347160 0.071499 0.361870
1 0.451321 0.342967 0.474189 0.306209 0.488206 0.312579 0.465338 0.349337
1 0.663709 0.312059 0.704946 0.334082 0.696587 0.345515 0.655350 0.323492
0 0.081623 0.016174 0.581848 0.016174 0.581848 0.259551 0.081623 0.259551
0 0.053452 0.301199 0.581848 0.301199 0.581848 0.397508 0.053452 0.397508
0 0.645042 0.307055 0.897819 0.307055 0.897819 0.396858 0.645042 0.396858
0 0.071726 0.454774 0.881831 0.454774 0.881831 0.857582 0.071726 0.857582