1 0.188022 0.142706 0.204894 0.142706 0.204894 0.152455 0.188022 0.152455
1 0.304758 0.143763 0.329533 0.143763 0.329533 0.153160 0.304758 0.153160
1 0.428029 0.142706 0.445204 0.142706 0.445204 0.152102 0.428029 0.152102
1 0.299054 0.219114 0.353078 0.219114 0.353078 0.230557 0.299054 0.230557
1 0.213538 0.322342 0.242085 0.322342 0.242085 0.331807 0.213538 0.331807
1 0.305368 0.393808 0.329952 0.393808 0.329952 0.403076 0.305368 0.403076
1 0.305793 0.421219 0.330207 0.421219 0.330207 0.430290 0.305793 0.430290
1 0.523989 0.383618 0.552733 0.383618 0.552733 0.393609 0.523989 0.393609
1 0.164636 0.420031 0.182481 0.420031 0.182481 0.429857 0.164636 0.429857
1 0.163995 0.441169 0.181092 0.441169 0.181092 0.451078 0.163995 0.451078
1 0.188646 0.496090 0.206831 0.496090 0.206831 0.506843 0.188646 0.506843
1 0.193548 0.548998 0.212207 0.548998 0.212207 0.559140 0.193548 0.559140
1 0.450017 0.437982 0.467501 0.437982 0.467501 0.447676 0.450017 0.447676
1 0.422952 0.503855 0.440633 0.503855 0.440633 0.513701 0.422952 0.513701
1 0.524258 0.436092 0.553922 0.436092 0.553922 0.445901 0.524258 0.445901
1 0.414349 0.549096 0.432133 0.549096 0.432133 0.559432 0.414349 0.559432
1 0.739379 0.413781 0.764356 0.413781 0.764356 0.423250 0.739379 0.423250
1 0.765460 0.514819 0.794620 0.514819 0.794620 0.525253 0.765460 0.525253
1 0.784852 0.545122 0.801803 0.545122 0.801803 0.555445 0.784852 0.555445
1 0.677979 0.534133 0.732996 0.534133 0.732996 0.546343 0.677979 0.546343
2 0.320438 0.666121 0.338456 0.666121 0.338456 0.681545 0.320438 0.681545
2 0.472476 0.699605 0.493667 0.699605 0.493667 0.715227 0.472476 0.715227
2 0.503330 0.849628 0.521643 0.849628 0.521643 0.865495 0.503330 0.865495
2 0.494908 0.621212 0.511020 0.621212 0.511020 0.637303 0.494908 0.637303
1 0.536384 0.487146 0.536384 0.501149 0.525200 0.501149 0.525200 0.487146
1 0.536025 0.522641 0.536025 0.536644 0.524840 0.536644 0.524840 0.522641
1 0.562858 0.521269 0.562858 0.539766 0.551238 0.539766 0.551238 0.521269
1 0.534547 0.303289 0.534547 0.321785 0.522927 0.321785 0.522927 0.303289
1 0.561103 0.262883 0.561103 0.281380 0.549483 0.281380 0.549483 0.262883
0 0.109963 0.137592 0.586910 0.137592 0.586910 0.410319 0.109963 0.410319
0 0.594330 0.407862 0.882618 0.407862 0.882618 0.610975 0.594330 0.610975
0 0.108269 0.415679 0.578858 0.415679 0.578858 0.598155 0.108269 0.598155
0 0.285403 0.603535 0.732026 0.603535 0.732026 0.867845 0.285403 0.867845