2 0.665033 0.609428 0.688998 0.609428 0.688998 0.629630 0.665033 0.629630
2 0.842048 0.604798 0.863834 0.604798 0.863834 0.624579 0.842048 0.624579
2 0.881264 0.725589 0.899782 0.725589 0.899782 0.746633 0.881264 0.746633
2 0.685730 0.777357 0.710240 0.777357 0.710240 0.799242 0.685730 0.799242
1 0.383576 0.307944 0.406975 0.307944 0.406975 0.317709 0.383576 0.317709
1 0.504158 0.304680 0.528091 0.304680 0.528091 0.314405 0.504158 0.314405
1 0.627311 0.303291 0.651694 0.303291 0.651694 0.313363 0.627311 0.313363
1 0.442623 0.374069 0.459231 0.374069 0.459231 0.383756 0.442623 0.383756
1 0.577907 0.477357 0.593891 0.477357 0.593891 0.487413 0.577907 0.487413
1 0.630224 0.477087 0.655203 0.477087 0.655203 0.487481 0.630224 0.487481
1 0.386027 0.572609 0.410983 0.572609 0.410983 0.582673 0.386027 0.582673
1 0.444887 0.572384 0.460966 0.572384 0.460966 0.582729 0.444887 0.582729
1 0.288614 0.394872 0.289003 0.375712 0.302103 0.375871 0.301713 0.395031
1 0.288607 0.490994 0.288564 0.471831 0.301665 0.471814 0.301708 0.490976
1 0.289682 0.587042 0.289638 0.567879 0.302739 0.567861 0.302783 0.587024
1 0.323281 0.608840 0.323237 0.589677 0.336339 0.589659 0.336382 0.608822
1 0.640274 0.239251 0.640231 0.220089 0.653332 0.220071 0.653375 0.239234
1 0.697228 0.256186 0.697184 0.237023 0.710285 0.237005 0.710329 0.256168
1 0.696813 0.180035 0.696769 0.160478 0.709500 0.160461 0.709544 0.180018
0 0.067843 0.293333 0.710980 0.293333 0.710980 0.648485 0.067843 0.648485
0 0.335385 0.128259 0.735750 0.128259 0.735750 0.289641 0.335385 0.289641