1 0.776106 0.246065 0.822617 0.246065 0.822617 0.262744 0.776106 0.262744
1 0.594446 0.230834 0.625225 0.230834 0.625225 0.247374 0.594446 0.247374
1 0.432830 0.234104 0.461772 0.234104 0.461772 0.250439 0.432830 0.250439
2 0.642620 0.351726 0.679690 0.351726 0.679690 0.384743 0.642620 0.384743
2 0.528547 0.709225 0.567762 0.709225 0.567762 0.743538 0.528547 0.743538
2 0.566151 0.408931 0.599174 0.408931 0.599174 0.441627 0.566151 0.441627
2 0.232971 0.582764 0.270373 0.582764 0.270373 0.616045 0.232971 0.616045
1 0.184194 0.736340 0.231820 0.736340 0.231820 0.752257 0.184194 0.752257
0 0.142157 0.205421 0.906334 0.205421 0.906334 0.789773 0.142157 0.789773
1 0.478564 0.759117 0.510469 0.759117 0.510469 0.777093 0.478564 0.777093
1 0.427314 0.654978 0.473773 0.654978 0.473773 0.674580 0.427314 0.674580
1 0.328143 0.461453 0.361880 0.461453 0.361880 0.479724 0.328143 0.479724
1 0.158570 0.525856 0.190957 0.525856 0.190957 0.542439 0.158570 0.542439
1 0.269176 0.430537 0.305927 0.454198 0.290617 0.468397 0.253867 0.444737
1 0.232052 0.335802 0.280805 0.347319 0.273270 0.366363 0.224517 0.354845
1 0.296661 0.627048 0.340183 0.613936 0.348667 0.630751 0.305146 0.643863
1 0.314412 0.658737 0.337980 0.689902 0.317814 0.699008 0.294246 0.667843
1 0.420092 0.567896 0.452821 0.579529 0.442724 0.596491 0.409995 0.584859
1 0.680065 0.496585 0.695775 0.486032 0.709676 0.498389 0.693966 0.508941
1 0.824522 0.537591 0.824522 0.513234 0.846116 0.513234 0.846116 0.537591
1 0.823297 0.707903 0.823297 0.683545 0.844891 0.683545 0.844891 0.707903
1 0.621533 0.724342 0.621533 0.699985 0.643126 0.699985 0.643126 0.724342