1 0.090827 0.254093 0.112914 0.254093 0.112914 0.265935 0.090827 0.265935
1 0.158666 0.253570 0.178274 0.253570 0.178274 0.265413 0.158666 0.265413
1 0.197431 0.253918 0.209826 0.253918 0.209826 0.265587 0.197431 0.265587
1 0.264142 0.273424 0.297273 0.273424 0.297273 0.285963 0.264142 0.285963
1 0.293442 0.257053 0.314852 0.257053 0.314852 0.269418 0.293442 0.269418
1 0.394861 0.268722 0.422357 0.268722 0.422357 0.281261 0.394861 0.281261
1 0.581124 0.243395 0.602033 0.243395 0.602033 0.255114 0.581124 0.255114
1 0.570759 0.176447 0.592006 0.176447 0.592006 0.188102 0.570759 0.188102
1 0.621385 0.171481 0.654305 0.171481 0.654305 0.183541 0.621385 0.183541
1 0.712801 0.172190 0.752279 0.172190 0.752279 0.184453 0.712801 0.184453
1 0.160087 0.161583 0.171161 0.161583 0.171161 0.172657 0.160087 0.172657
1 0.291675 0.161583 0.312130 0.161583 0.312130 0.172858 0.291675 0.172858
1 0.471678 0.367003 0.498334 0.367003 0.498334 0.378689 0.471678 0.378689
1 0.160789 0.414118 0.171468 0.414118 0.171468 0.425213 0.160789 0.425213
1 0.218221 0.413980 0.238592 0.413980 0.238592 0.425560 0.218221 0.425560
1 0.402275 0.413286 0.421479 0.413286 0.421479 0.424658 0.402275 0.424658
1 0.833464 0.289899 0.882876 0.289899 0.882876 0.303434 0.833464 0.303434
1 0.803399 0.338182 0.831895 0.338182 0.831895 0.351111 0.803399 0.351111
1 0.733333 0.408889 0.770980 0.408889 0.770980 0.422626 0.733333 0.422626
1 0.734641 0.495354 0.747190 0.495354 0.747190 0.507677 0.734641 0.507677
1 0.619140 0.410797 0.640047 0.410797 0.640047 0.422436 0.619140 0.422436
1 0.584623 0.494626 0.595841 0.494626 0.595841 0.506276 0.584623 0.506276
1 0.308123 0.495421 0.318897 0.495421 0.318897 0.506910 0.308123 0.506910
2 0.518668 0.657534 0.543916 0.657534 0.543916 0.680365 0.518668 0.680365
2 0.260665 0.601469 0.284670 0.601469 0.284670 0.622957 0.260665 0.622957
2 0.302733 0.619467 0.329400 0.619467 0.329400 0.641506 0.302733 0.641506
2 0.664231 0.738108 0.689424 0.738108 0.689424 0.760514 0.664231 0.760514
1 0.084629 0.215866 0.084629 0.236068 0.068627 0.236068 0.068627 0.215866
1 0.097363 0.249042 0.075052 0.264566 0.064157 0.255216 0.086468 0.239692
1 0.413066 0.215943 0.413066 0.235117 0.398143 0.235117 0.398143 0.215943
1 0.580876 0.213006 0.580876 0.232180 0.565953 0.232180 0.565953 0.213006
1 0.651149 0.211363 0.651149 0.230538 0.636226 0.230538 0.636226 0.211363
1 0.673827 0.211016 0.673827 0.230190 0.658904 0.230190 0.658904 0.211016
1 0.731363 0.210410 0.731363 0.229584 0.716441 0.229584 0.716441 0.210410
1 0.683978 0.163318 0.683978 0.189326 0.668542 0.189326 0.668542 0.163318
1 0.467503 0.293494 0.467503 0.317228 0.448855 0.317228 0.448855 0.293494
1 0.432127 0.362395 0.432127 0.371689 0.414066 0.371689 0.414066 0.362395
1 0.514984 0.334452 0.514984 0.343747 0.496923 0.343747 0.496923 0.334452
1 0.536687 0.333634 0.536687 0.342929 0.518626 0.342929 0.518626 0.333634
1 0.721272 0.311295 0.721272 0.329109 0.702496 0.329109 0.702496 0.311295
1 0.898027 0.314178 0.898027 0.331993 0.879251 0.331993 0.879251 0.314178
1 0.871668 0.341268 0.850802 0.357392 0.837129 0.346826 0.857995 0.330702
0 0.053105 0.150253 0.825980 0.150253 0.825980 0.286616 0.053105 0.286616
0 0.601350 0.289650 0.908454 0.289650 0.908454 0.380165 0.601350 0.380165
0 0.306323 0.290043 0.554422 0.290043 0.554422 0.391466 0.306323 0.391466
0 0.124546 0.400673 0.939361 0.400673 0.939361 0.521886 0.124546 0.521886
0 0.255265 0.494949 0.924161 0.805519 0.837580 0.916865 0.168684 0.606296