1 0.388470 0.200337 0.408245 0.200337 0.408245 0.211992 0.388470 0.211992
1 0.397185 0.220927 0.415452 0.220927 0.415452 0.233489 0.397185 0.233489
1 0.551031 0.219503 0.569968 0.219503 0.569968 0.231417 0.551031 0.231417
1 0.726249 0.253474 0.758206 0.253474 0.758206 0.265445 0.726249 0.265445
2 0.601238 0.302153 0.618782 0.302153 0.618782 0.319856 0.601238 0.319856
2 0.293714 0.405969 0.309281 0.405969 0.309281 0.423979 0.293714 0.423979
2 0.416744 0.473108 0.436454 0.473108 0.436454 0.491671 0.416744 0.491671
1 0.522910 0.473684 0.563467 0.473684 0.563467 0.485327 0.522910 0.485327
2 0.389356 0.634593 0.410237 0.634593 0.410237 0.652105 0.389356 0.652105
2 0.492743 0.708776 0.512096 0.708776 0.512096 0.726682 0.492743 0.726682
2 0.578304 0.614325 0.599440 0.614325 0.599440 0.633806 0.578304 0.633806
1 0.248775 0.735164 0.280229 0.735164 0.280229 0.748264 0.248775 0.748264
1 0.274714 0.636206 0.324755 0.636206 0.324755 0.648359 0.274714 0.648359
1 0.397477 0.768969 0.416021 0.768969 0.416021 0.780714 0.397477 0.780714
1 0.512692 0.748297 0.533212 0.748297 0.533212 0.760277 0.512692 0.760277
1 0.551756 0.769086 0.570603 0.769086 0.570603 0.780832 0.551756 0.780832
1 0.670771 0.754874 0.702538 0.754874 0.702538 0.767559 0.670771 0.767559
1 0.657395 0.772727 0.692050 0.772727 0.692050 0.784942 0.657395 0.784942
1 0.288108 0.576529 0.330817 0.573060 0.332336 0.584226 0.289627 0.587695
1 0.371975 0.591872 0.394215 0.583115 0.400757 0.593036 0.378516 0.601792
1 0.445312 0.580531 0.438014 0.598977 0.424235 0.595721 0.431533 0.577276
1 0.428621 0.661085 0.445523 0.638462 0.459636 0.644759 0.442734 0.667381
1 0.498681 0.616513 0.532486 0.616513 0.532486 0.629106 0.498681 0.629106
1 0.405508 0.699003 0.429324 0.709628 0.420709 0.721159 0.396893 0.710534
1 0.456163 0.715060 0.483324 0.718384 0.480629 0.731535 0.453467 0.728211
1 0.572480 0.564559 0.596296 0.575184 0.587680 0.586715 0.563865 0.576089
1 0.626906 0.658670 0.626906 0.644372 0.642377 0.644372 0.642377 0.658670
1 0.648453 0.652357 0.648453 0.635769 0.666122 0.635769 0.666122 0.652357
1 0.391374 0.280756 0.411765 0.299534 0.400313 0.306959 0.379922 0.288182
1 0.339244 0.425716 0.378862 0.423575 0.379902 0.435065 0.340283 0.437206
1 0.553608 0.389610 0.586744 0.384168 0.589761 0.395139 0.556626 0.400581
1 0.564469 0.321454 0.579848 0.298130 0.592781 0.303222 0.577401 0.326546
1 0.536780 0.306065 0.547248 0.281169 0.561052 0.284635 0.550584 0.309531
1 0.649124 0.442630 0.649124 0.416453 0.663639 0.416453 0.663639 0.442630
1 0.683486 0.510635 0.683486 0.484458 0.698001 0.484458 0.698001 0.510635
1 0.617230 0.433430 0.638715 0.433430 0.638715 0.451805 0.617230 0.451805
0 0.233512 0.191460 0.791444 0.191460 0.791444 0.803030 0.233512 0.803030