1 0.232382 0.126840 0.249788 0.126840 0.249788 0.138274 0.232382 0.138274
1 0.334386 0.164785 0.353308 0.164785 0.353308 0.176701 0.334386 0.176701
1 0.597601 0.524979 0.623427 0.524979 0.623427 0.537813 0.597601 0.537813
1 0.622411 0.163408 0.641422 0.163408 0.641422 0.174373 0.622411 0.174373
1 0.281568 0.099705 0.311592 0.079657 0.319673 0.088496 0.289649 0.108545
1 0.303303 0.237047 0.342549 0.213560 0.350199 0.222897 0.310953 0.246384
1 0.479004 0.308536 0.479004 0.291043 0.491608 0.291043 0.491608 0.308536
1 0.537891 0.383501 0.537891 0.356499 0.549322 0.356499 0.549322 0.383501
1 0.575760 0.321575 0.625954 0.345355 0.619652 0.355072 0.569458 0.331292
1 0.472259 0.637718 0.498300 0.660766 0.489101 0.668358 0.463060 0.645310
0 0.209649 0.007926 0.475712 0.007926 0.475712 0.142385 0.209649 0.142385
0 0.210753 0.162672 0.822919 0.162672 0.822919 0.708530 0.210753 0.708530
0 0.534776 0.162672 0.701479 0.162672 0.701479 0.412719 0.534776 0.412719
0 0.108746 0.717862 0.482602 0.717862 0.482602 0.997278 0.108746 0.997278
0 0.503641 0.716479 0.875879 0.716479 0.875879 0.993129 0.503641 0.993129