1 0.754680 0.292330 0.794092 0.294685 0.793209 0.305475 0.753797 0.303120
1 0.591550 0.540040 0.629374 0.540040 0.629374 0.550707 0.591550 0.550707
1 0.242533 0.542176 0.278729 0.542176 0.278729 0.554822 0.242533 0.554822
1 0.691546 0.180512 0.716742 0.169062 0.723058 0.179215 0.697862 0.190666
1 0.630973 0.116479 0.646883 0.097763 0.657553 0.104389 0.641643 0.123105
1 0.462895 0.202306 0.462895 0.170367 0.476318 0.170367 0.476318 0.202306
1 0.278221 0.501932 0.305029 0.481302 0.314323 0.490124 0.287516 0.510755
1 0.846570 0.370076 0.849486 0.355941 0.870257 0.359071 0.867341 0.373206
1 0.812717 0.532560 0.815633 0.518424 0.836404 0.521555 0.833488 0.535690
0 0.118587 0.010863 0.397791 0.010863 0.397791 0.287239 0.118587 0.287239
0 0.455484 0.083914 0.774575 0.083914 0.774575 0.281760 0.455484 0.281760
0 0.117163 0.340201 0.400640 0.340201 0.400640 0.560571 0.117163 0.560571
0 0.469729 0.290892 0.873578 0.290892 0.873578 0.558136 0.469729 0.558136
0 0.258901 0.569703 0.708335 0.569703 0.708335 0.970874 0.258901 0.970874