1 0.230609 0.557165 0.267355 0.557165 0.267355 0.568736 0.230609 0.568736
1 0.585908 0.554073 0.622618 0.554073 0.622618 0.566374 0.585908 0.566374
1 0.752857 0.303006 0.792273 0.304771 0.791605 0.315664 0.752189 0.313899
1 0.689198 0.188011 0.713157 0.177123 0.719167 0.186784 0.695209 0.197672
1 0.627631 0.123583 0.643195 0.104585 0.653682 0.110861 0.638118 0.129859
1 0.456479 0.209528 0.456479 0.177104 0.468931 0.177104 0.468931 0.209528
1 0.340146 0.131504 0.387568 0.151272 0.381366 0.162142 0.333943 0.142373
1 0.107082 0.153540 0.154505 0.133772 0.160708 0.144641 0.113285 0.164410
1 0.266626 0.514979 0.293666 0.494889 0.302854 0.503923 0.275815 0.524013
0 0.100644 0.010283 0.391253 0.010283 0.391253 0.296633 0.100644 0.296633
0 0.450485 0.091758 0.774413 0.091758 0.774413 0.292678 0.450485 0.292678
0 0.105272 0.351213 0.394030 0.351213 0.394030 0.574281 0.105272 0.574281
1 0.844861 0.381953 0.847744 0.366392 0.868331 0.369178 0.865447 0.384740
1 0.810429 0.547694 0.813313 0.532133 0.833899 0.534920 0.831016 0.550481
0 0.460301 0.297678 0.874225 0.297678 0.874225 0.574546 0.460301 0.574546
0 0.244342 0.583594 0.703786 0.583594 0.703786 0.993467 0.244342 0.993467