1 0.500586 0.235966 0.536344 0.235966 0.536344 0.248492 0.500586 0.248492
1 0.320053 0.068077 0.336805 0.059474 0.343916 0.069589 0.327165 0.078192
1 0.245193 0.034190 0.261945 0.025587 0.269056 0.035702 0.252304 0.044305
1 0.438684 0.138395 0.438748 0.106893 0.451112 0.106911 0.451048 0.138414
1 0.832623 0.077475 0.849375 0.068872 0.856486 0.078988 0.839734 0.087590
1 0.438033 0.400252 0.438097 0.368750 0.450461 0.368768 0.450397 0.400271
1 0.529634 0.375841 0.547284 0.340474 0.558662 0.344622 0.541012 0.379989
1 0.597739 0.510916 0.607608 0.467922 0.619694 0.469949 0.609825 0.512942
0 0.148685 0.007257 0.380999 0.007257 0.380999 0.238231 0.148685 0.238231
0 0.432202 0.006447 0.859849 0.006447 0.859849 0.302255 0.432202 0.302255
0 0.433151 0.325757 0.846574 0.325757 0.846574 0.547815 0.433151 0.547815
0 0.135410 0.557541 0.842781 0.557541 0.842781 0.973292 0.135410 0.973292