1 0.408565 0.237061 0.425781 0.237061 0.425781 0.248506 0.408565 0.248506
1 0.362656 0.425076 0.388289 0.425076 0.388289 0.436847 0.362656 0.436847
1 0.457509 0.134262 0.486004 0.111551 0.496547 0.121215 0.468052 0.143926
1 0.243792 0.100209 0.279066 0.122927 0.270041 0.133163 0.234767 0.110445
1 0.330079 0.195570 0.329727 0.178336 0.343549 0.178129 0.343901 0.195364
1 0.613515 0.229341 0.613079 0.207996 0.627681 0.207779 0.628117 0.229123
1 0.653653 0.565372 0.653653 0.550022 0.666783 0.550022 0.666783 0.565372
1 0.632601 0.589756 0.632601 0.574405 0.645732 0.574405 0.645732 0.589756
1 0.612420 0.571859 0.612420 0.562683 0.624680 0.562683 0.624680 0.571859
1 0.514664 0.543121 0.526900 0.510932 0.539512 0.514435 0.527275 0.546624
1 0.561674 0.516435 0.571685 0.553498 0.558819 0.556036 0.548808 0.518974
0 0.137497 0.018963 0.633714 0.018963 0.633714 0.443944 0.137497 0.443944
0 0.700826 0.016356 0.830981 0.016356 0.830981 0.423086 0.700826 0.423086
0 0.138629 0.503633 0.673440 0.503633 0.673440 0.608713 0.138629 0.608713
0 0.191320 0.645491 0.764771 0.645491 0.764771 0.975742 0.191320 0.975742