0 0.109921 0.507863 0.853279 0.507863 0.853279 0.984892 0.109921 0.984892
1 0.352419 0.286503 0.370771 0.286503 0.370771 0.298513 0.352419 0.298513
1 0.351558 0.303904 0.371344 0.303904 0.371344 0.315423 0.351558 0.315423
1 0.352419 0.321305 0.370771 0.321305 0.370771 0.334050 0.352419 0.334050
1 0.376243 0.125614 0.409373 0.105041 0.417952 0.115133 0.384822 0.135705
1 0.154374 0.036496 0.181735 0.059881 0.172012 0.068190 0.144652 0.044806
1 0.599615 0.165087 0.598930 0.131534 0.612123 0.131337 0.612808 0.164890
1 0.617840 0.157757 0.617549 0.139894 0.630893 0.139735 0.631185 0.157598
1 0.638393 0.155424 0.638110 0.138110 0.649469 0.137975 0.649752 0.155288
1 0.632418 0.433582 0.632112 0.418581 0.644427 0.418397 0.644733 0.433399
1 0.613501 0.419252 0.612987 0.394074 0.625213 0.393892 0.625727 0.419069
1 0.593295 0.391876 0.593105 0.382601 0.604495 0.382431 0.604684 0.391706
0 0.125724 0.015541 0.659105 0.015541 0.659105 0.339317 0.125724 0.339317
0 0.708605 0.013814 0.839930 0.013814 0.839930 0.279742 0.708605 0.279742
0 0.127744 0.360038 0.653044 0.360038 0.653044 0.482641 0.127744 0.482641