1 0.470302 0.417060 0.514147 0.417060 0.514147 0.428113 0.470302 0.428113
1 0.599628 0.331599 0.599415 0.321181 0.611138 0.321006 0.611351 0.331424
1 0.599375 0.556763 0.599163 0.546345 0.610886 0.546170 0.611099 0.556588
0 0.385015 0.011719 0.597535 0.011719 0.597535 0.193357 0.385015 0.193357
0 0.123261 0.240764 0.335781 0.240764 0.335781 0.422934 0.123261 0.422934
0 0.385638 0.236502 0.616231 0.236502 0.616231 0.433588 0.385638 0.433588
0 0.647771 0.235359 0.865117 0.235359 0.865117 0.416620 0.647771 0.416620
0 0.385638 0.460221 0.618724 0.460221 0.618724 0.641326 0.385638 0.641326
1 0.821895 0.533196 0.838099 0.533196 0.838099 0.558231 0.821895 0.558231
0 0.166264 0.681808 0.515892 0.681808 0.515892 0.982763 0.166264 0.982763
0 0.470397 0.683406 0.823765 0.683406 0.823765 0.980632 0.470397 0.980632