1 0.304534 0.133207 0.325572 0.133207 0.325572 0.145202 0.304534 0.145202
1 0.524306 0.175032 0.563113 0.175032 0.563113 0.187816 0.524306 0.187816
1 0.530842 0.304766 0.570670 0.304766 0.570670 0.316919 0.530842 0.316919
1 0.521855 0.331124 0.561070 0.331124 0.561070 0.343750 0.521855 0.343750
1 0.541871 0.370107 0.592729 0.370107 0.592729 0.382418 0.541871 0.382418
1 0.398631 0.378788 0.419349 0.378788 0.419349 0.390509 0.398631 0.390509
1 0.209453 0.380995 0.229321 0.380995 0.229321 0.392434 0.209453 0.392434
1 0.304052 0.419495 0.324837 0.419495 0.324837 0.430606 0.304052 0.430606
1 0.304837 0.437980 0.324052 0.437980 0.324052 0.448889 0.304837 0.448889
1 0.303791 0.455253 0.325229 0.455253 0.325229 0.466566 0.303791 0.466566
1 0.126125 0.572976 0.148290 0.572976 0.148290 0.584395 0.126125 0.584395
1 0.185990 0.583224 0.207208 0.583224 0.207208 0.594349 0.185990 0.594349
1 0.303259 0.589518 0.323908 0.589518 0.323908 0.600498 0.303259 0.600498
1 0.427726 0.584102 0.448186 0.584102 0.448186 0.595813 0.427726 0.595813
1 0.504073 0.589372 0.525481 0.589372 0.525481 0.600644 0.504073 0.600644
1 0.604670 0.561850 0.627783 0.561850 0.627783 0.574001 0.604670 0.574001
1 0.659231 0.573708 0.681017 0.573708 0.681017 0.585859 0.659231 0.585859
1 0.757973 0.583790 0.777975 0.583790 0.777975 0.594134 0.757973 0.594134
1 0.839239 0.576366 0.859871 0.576366 0.859871 0.587684 0.839239 0.587684
1 0.900819 0.565170 0.920821 0.565170 0.920821 0.577461 0.900819 0.577461
1 0.758131 0.448582 0.778920 0.448582 0.778920 0.460144 0.758131 0.460144
1 0.758918 0.434100 0.780337 0.434100 0.780337 0.445540 0.758918 0.445540
1 0.759076 0.415480 0.780652 0.415480 0.780652 0.426676 0.759076 0.426676
2 0.338297 0.638857 0.359891 0.638857 0.359891 0.654200 0.338297 0.654200
2 0.483495 0.705792 0.504840 0.705792 0.504840 0.722094 0.483495 0.722094
2 0.557210 0.668009 0.574336 0.668009 0.574336 0.685462 0.557210 0.685462
2 0.460476 0.810249 0.481008 0.810249 0.481008 0.826908 0.460476 0.826908
1 0.533842 0.490909 0.533842 0.481818 0.547640 0.481818 0.547640 0.490909
1 0.554757 0.537149 0.554757 0.521167 0.568642 0.521167 0.568642 0.537149
1 0.482222 0.576723 0.482222 0.567632 0.496020 0.567632 0.496020 0.576723
1 0.595512 0.523300 0.595512 0.514209 0.609310 0.514209 0.609310 0.523300
1 0.889294 0.524403 0.889294 0.508848 0.903560 0.508848 0.903560 0.524403
1 0.580503 0.274221 0.580503 0.255228 0.596796 0.255228 0.596796 0.274221
1 0.557857 0.228553 0.557857 0.199351 0.573090 0.199351 0.573090 0.228553
1 0.538249 0.260990 0.538249 0.242706 0.551317 0.242706 0.551317 0.260990
1 0.536360 0.287700 0.536360 0.269415 0.549428 0.269415 0.549428 0.287700
0 0.087255 0.128788 0.612745 0.128788 0.612745 0.397727 0.087255 0.397727
0 0.096078 0.409091 0.581373 0.409091 0.581373 0.607576 0.096078 0.607576
0 0.589216 0.409848 0.929412 0.409848 0.929412 0.602273 0.589216 0.602273
0 0.283333 0.615152 0.742157 0.615152 0.742157 0.865152 0.283333 0.865152