2 0.695895 0.121212 0.714953 0.121212 0.714953 0.142169 0.695895 0.142169
2 0.756734 0.182101 0.782023 0.182101 0.782023 0.203908 0.756734 0.203908
2 0.764798 0.241858 0.791919 0.241858 0.791919 0.263948 0.764798 0.263948
2 0.880979 0.352875 0.907367 0.352875 0.907367 0.372416 0.880979 0.372416
2 0.493220 0.350326 0.518508 0.350326 0.518508 0.371849 0.493220 0.371849
2 0.511545 0.176720 0.531336 0.176720 0.531336 0.198811 0.511545 0.198811
1 0.087687 0.344565 0.142260 0.344565 0.142260 0.361093 0.087687 0.361093
1 0.478750 0.590671 0.526589 0.590671 0.526589 0.606695 0.478750 0.606695
1 0.416333 0.647945 0.468689 0.647945 0.468689 0.664287 0.416333 0.664287
1 0.518787 0.750119 0.566831 0.750119 0.566831 0.766778 0.518787 0.766778
1 0.208724 0.848485 0.237899 0.848485 0.237899 0.864881 0.208724 0.864881
1 0.410798 0.309908 0.437081 0.321634 0.425680 0.336893 0.399397 0.325167
1 0.462058 0.397387 0.531081 0.371373 0.542500 0.389466 0.473478 0.415479
1 0.313427 0.472648 0.354258 0.457259 0.363966 0.472639 0.323134 0.488028
1 0.222454 0.540486 0.250423 0.512823 0.267873 0.523358 0.239904 0.551021
1 0.461973 0.782492 0.483300 0.751496 0.502853 0.759530 0.481525 0.790525
1 0.514129 0.800802 0.514129 0.787612 0.534511 0.787612 0.534511 0.800802
0 0.452206 0.111742 0.948529 0.111742 0.948529 0.410038 0.452206 0.410038
0 0.058824 0.307765 0.544118 0.307765 0.544118 0.677083 0.058824 0.677083
0 0.067402 0.698864 0.582108 0.698864 0.582108 0.878788 0.067402 0.878788