2 0.481502 0.299028 0.517018 0.299028 0.517018 0.331618 0.481502 0.331618
2 0.295043 0.581475 0.322420 0.581475 0.322420 0.612922 0.295043 0.612922
2 0.420829 0.582047 0.457825 0.582047 0.457825 0.611206 0.420829 0.611206
2 0.667222 0.574614 0.699038 0.574614 0.699038 0.604345 0.667222 0.604345
1 0.784869 0.542024 0.912135 0.542024 0.912135 0.568897 0.784869 0.568897
1 0.756012 0.726701 0.878838 0.726701 0.878838 0.751858 0.756012 0.751858
1 0.076767 0.547170 0.204772 0.547170 0.204772 0.574614 0.076767 0.574614
1 0.104883 0.727844 0.227710 0.727844 0.227710 0.753573 0.104883 0.753573
1 0.201426 0.468320 0.201426 0.435392 0.228139 0.435392 0.228139 0.468320
1 0.200642 0.646777 0.200642 0.613849 0.227354 0.613849 0.227354 0.646777
1 0.744845 0.462311 0.744845 0.429383 0.771558 0.429383 0.771558 0.462311
1 0.742341 0.641663 0.742341 0.608735 0.769054 0.608735 0.769054 0.641663
0 0.058824 0.287879 0.942959 0.287879 0.942959 0.778237 0.058824 0.778237