1 0.441301 0.637514 0.454703 0.637514 0.454703 0.651515 0.441301 0.651515
1 0.488210 0.637131 0.511541 0.637131 0.511541 0.651132 0.488210 0.651132
1 0.481757 0.660338 0.504592 0.660338 0.504592 0.673955 0.481757 0.673955
2 0.795322 0.730728 0.824217 0.730728 0.824217 0.755715 0.795322 0.755715
2 0.687140 0.781863 0.715686 0.781863 0.715686 0.807041 0.687140 0.807041
2 0.503172 0.783200 0.529988 0.783200 0.529988 0.807041 0.503172 0.807041
2 0.500288 0.749554 0.529412 0.749554 0.529412 0.773619 0.500288 0.773619
1 0.087948 0.644642 0.133477 0.644642 0.133477 0.657650 0.087948 0.657650
1 0.223105 0.551392 0.247218 0.551392 0.247218 0.563677 0.223105 0.563677
1 0.187334 0.525799 0.209327 0.525799 0.209327 0.538288 0.187334 0.538288
1 0.224165 0.525594 0.245363 0.525594 0.245363 0.538288 0.224165 0.538288
1 0.259406 0.524980 0.279809 0.524980 0.279809 0.538084 0.259406 0.538084
1 0.088314 0.505537 0.129105 0.505537 0.129105 0.518681 0.088314 0.518681
1 0.086267 0.527565 0.130050 0.527565 0.130050 0.540587 0.086267 0.540587
1 0.332253 0.393074 0.347299 0.393074 0.347299 0.406061 0.332253 0.406061
1 0.345698 0.363142 0.370028 0.363142 0.370028 0.376129 0.345698 0.376129
1 0.067003 0.241528 0.122694 0.241528 0.122694 0.255514 0.067003 0.255514
1 0.224562 0.131074 0.247999 0.131074 0.247999 0.144881 0.224562 0.144881
1 0.281927 0.240843 0.298295 0.240843 0.298295 0.253755 0.281927 0.253755
1 0.176208 0.188849 0.197829 0.197732 0.190389 0.208544 0.168769 0.199661
1 0.274811 0.197709 0.296431 0.188826 0.303870 0.199638 0.282250 0.208521
1 0.337774 0.223413 0.337346 0.204495 0.353191 0.204281 0.353618 0.223199
1 0.337716 0.186287 0.337441 0.174140 0.352949 0.173930 0.353223 0.186078
1 0.338384 0.259381 0.338109 0.247233 0.353617 0.247024 0.353891 0.259172
1 0.338622 0.325069 0.338393 0.314945 0.353783 0.314738 0.354012 0.324861
1 0.339026 0.352195 0.338797 0.342071 0.354187 0.341864 0.354416 0.351987
1 0.333036 0.477628 0.332807 0.467504 0.348197 0.467297 0.348426 0.477420
1 0.363392 0.499611 0.362718 0.469814 0.380308 0.469577 0.380981 0.499374
1 0.333955 0.577384 0.333955 0.555434 0.349501 0.555434 0.349501 0.577384
1 0.287910 0.579619 0.312753 0.590260 0.305216 0.600767 0.280373 0.590126
1 0.333333 0.628389 0.333333 0.616896 0.348889 0.616896 0.348889 0.628389
1 0.157646 0.591335 0.182245 0.580360 0.190018 0.590763 0.165419 0.601738
1 0.331857 0.700851 0.331857 0.682985 0.347963 0.682985 0.347963 0.700851
1 0.105372 0.287306 0.105372 0.276738 0.121519 0.276738 0.121519 0.287306
1 0.105411 0.308981 0.105411 0.298414 0.121559 0.298414 0.121559 0.308981
1 0.104795 0.337408 0.104795 0.318816 0.121598 0.318816 0.121598 0.337408
1 0.104340 0.363030 0.104340 0.344439 0.121144 0.344439 0.121144 0.363030
1 0.104544 0.389544 0.104544 0.370952 0.121348 0.370952 0.121348 0.389544
1 0.104913 0.414276 0.104913 0.395684 0.121717 0.395684 0.121717 0.414276
1 0.104788 0.441553 0.104788 0.422962 0.121592 0.422962 0.121592 0.441553
1 0.104828 0.466157 0.104828 0.447566 0.121631 0.447566 0.121631 0.466157
1 0.104208 0.492799 0.104208 0.474207 0.121012 0.474207 0.121012 0.492799
1 0.384287 0.417705 0.383614 0.387907 0.401204 0.387670 0.401877 0.417467
0 0.432073 0.155844 0.532913 0.155844 0.532913 0.685065 0.432073 0.685065
0 0.072129 0.639610 0.373249 0.639610 0.373249 0.725108 0.072129 0.725108
0 0.058123 0.124459 0.411064 0.124459 0.411064 0.637446 0.058123 0.637446
0 0.292017 0.773810 0.839636 0.530303 0.999300 0.661255 0.513305 0.918831