1 0.522549 0.198485 0.562745 0.198485 0.562745 0.215530 0.522549 0.215530
2 0.533481 0.253145 0.555864 0.253145 0.555864 0.275443 0.533481 0.275443
1 0.576952 0.267153 0.616352 0.267153 0.616352 0.282733 0.576952 0.282733
1 0.433007 0.333018 0.444853 0.333018 0.444853 0.347854 0.433007 0.347854
1 0.221201 0.272727 0.259804 0.272727 0.259804 0.288984 0.221201 0.288984
2 0.603508 0.534830 0.625850 0.534830 0.625850 0.554992 0.603508 0.554992
2 0.386431 0.592384 0.411765 0.592384 0.411765 0.613033 0.386431 0.613033
1 0.218795 0.625831 0.267575 0.625831 0.267575 0.640983 0.218795 0.640983
1 0.448828 0.729305 0.482305 0.729305 0.482305 0.745011 0.448828 0.745011
2 0.452176 0.758130 0.481827 0.758130 0.481827 0.779010 0.452176 0.779010
1 0.680318 0.669735 0.728717 0.669735 0.728717 0.685462 0.680318 0.685462
1 0.387648 0.361613 0.413595 0.372727 0.403654 0.386586 0.377707 0.375472
1 0.517750 0.372972 0.542051 0.359823 0.553813 0.372803 0.529511 0.385952
1 0.723462 0.423370 0.723462 0.400446 0.743968 0.400446 0.743968 0.423370
1 0.807335 0.398748 0.817230 0.425414 0.795657 0.430194 0.785762 0.403528
1 0.655179 0.446931 0.688329 0.466234 0.676379 0.478487 0.643230 0.459185
1 0.633007 0.496992 0.684423 0.503285 0.681197 0.519025 0.629781 0.512732
1 0.525671 0.506020 0.561319 0.523232 0.550583 0.536508 0.514935 0.519296
1 0.268584 0.459315 0.294444 0.437121 0.310033 0.447967 0.284172 0.470161
1 0.133810 0.406143 0.146689 0.380217 0.164712 0.385563 0.151833 0.411489
1 0.274914 0.574227 0.314825 0.557132 0.324386 0.570461 0.284475 0.587556
1 0.270007 0.650992 0.287984 0.675053 0.271321 0.682488 0.253343 0.658427
1 0.569622 0.586871 0.579144 0.621488 0.559206 0.624762 0.549684 0.590146
2 0.804750 0.551216 0.804750 0.534006 0.832153 0.534006 0.832153 0.551216
0 0.122745 0.181818 0.856863 0.181818 0.856863 0.795152 0.122745 0.795152