1 0.645900 0.431290 0.657656 0.431290 0.657656 0.443407 0.645900 0.443407
1 0.594034 0.582009 0.601987 0.582009 0.601987 0.592943 0.594034 0.592943
1 0.805300 0.555263 0.822243 0.555263 0.822243 0.566937 0.805300 0.566937
1 0.804954 0.570483 0.822070 0.570483 0.822070 0.580827 0.804954 0.580827
1 0.805410 0.756671 0.823029 0.756671 0.823029 0.768032 0.805410 0.768032
1 0.804791 0.771466 0.822566 0.771466 0.822566 0.783223 0.804791 0.783223
1 0.816306 0.732100 0.816306 0.712946 0.829212 0.712946 0.829212 0.732100
1 0.556568 0.612664 0.556568 0.604193 0.568746 0.604193 0.568746 0.612664
1 0.816709 0.530296 0.816709 0.511141 0.829615 0.511141 0.829615 0.530296
1 0.603189 0.730041 0.621810 0.714125 0.631947 0.722789 0.613326 0.738704
1 0.642364 0.544248 0.663032 0.526584 0.673177 0.535254 0.652509 0.552919
1 0.366357 0.259213 0.400338 0.243114 0.407694 0.254457 0.373713 0.270556
1 0.423418 0.217608 0.434777 0.185852 0.449289 0.189644 0.437929 0.221400
1 0.270275 0.244057 0.304272 0.260430 0.297454 0.270772 0.263457 0.254399
1 0.238280 0.191085 0.250079 0.222876 0.236841 0.226466 0.225041 0.194674
0 0.109995 0.020035 0.563369 0.020035 0.563369 0.418098 0.109995 0.418098
0 0.634467 0.018274 0.820969 0.018274 0.820969 0.371422 0.634467 0.371422
0 0.156363 0.439234 0.513910 0.439234 0.513910 0.559886 0.156363 0.559886
0 0.554223 0.578768 0.847742 0.578768 0.847742 0.806912 0.554223 0.806912
1 0.613340 0.463905 0.613340 0.455434 0.625518 0.455434 0.625518 0.463905
0 0.611374 0.427869 0.835258 0.427869 0.835258 0.586681 0.611374 0.586681
0 0.092216 0.674472 0.479100 0.674472 0.479100 0.908763 0.092216 0.908763
0 0.415916 0.771678 0.803773 0.771678 0.803773 0.993507 0.415916 0.993507