1 0.331432 0.170679 0.367895 0.170679 0.367895 0.181843 0.331432 0.181843
1 0.403814 0.167888 0.441365 0.167888 0.441365 0.180447 0.403814 0.180447
1 0.476196 0.168354 0.514291 0.168354 0.514291 0.180447 0.476196 0.180447
1 0.549666 0.167423 0.586673 0.167423 0.586673 0.179517 0.549666 0.179517
1 0.621503 0.166958 0.659055 0.166958 0.659055 0.179052 0.621503 0.179052
1 0.481094 0.183703 0.508849 0.183703 0.508849 0.195797 0.481094 0.195797
1 0.794059 0.199134 0.804707 0.199134 0.804707 0.210315 0.794059 0.210315
1 0.766676 0.241260 0.786148 0.241260 0.786148 0.252182 0.766676 0.252182
1 0.107573 0.099736 0.107869 0.085260 0.120192 0.085444 0.119897 0.099920
1 0.840648 0.250616 0.840944 0.236140 0.853267 0.236324 0.852971 0.250800
1 0.800623 0.237488 0.837479 0.216241 0.845418 0.226301 0.808562 0.247548
0 0.105190 0.005297 0.867473 0.005297 0.867473 0.202999 0.105190 0.202999
0 0.108344 0.229059 0.216641 0.229059 0.216641 0.361160 0.108344 0.361160
0 0.224001 0.221870 0.354378 0.221870 0.354378 0.359363 0.224001 0.359363
0 0.357532 0.231755 0.457417 0.231755 0.457417 0.358464 0.357532 0.358464
0 0.465829 0.216478 0.596205 0.216478 0.596205 0.357565 0.465829 0.357565
0 0.603565 0.229958 0.700297 0.229958 0.700297 0.354869 0.603565 0.354869
0 0.708708 0.194911 0.861165 0.194911 0.861165 0.359363 0.708708 0.359363
0 0.098881 0.355768 0.754971 0.355768 0.754971 0.704441 0.098881 0.704441
0 0.229258 0.651421 0.883244 0.651421 0.883244 0.987513 0.229258 0.987513