1 0.514110 0.326379 0.531456 0.326379 0.531456 0.337221 0.514110 0.337221
1 0.602134 0.309119 0.621292 0.309119 0.621292 0.320183 0.602134 0.320183
1 0.584011 0.325051 0.594885 0.325051 0.594885 0.336779 0.584011 0.336779
1 0.502318 0.551519 0.536012 0.551519 0.536012 0.562483 0.502318 0.562483
1 0.558733 0.665258 0.576043 0.665258 0.576043 0.676222 0.558733 0.676222
1 0.649561 0.321077 0.661783 0.309476 0.671945 0.317296 0.659723 0.328897
1 0.565929 0.346715 0.581058 0.353303 0.575555 0.362534 0.560426 0.355945
1 0.611344 0.405832 0.621638 0.420476 0.611840 0.425508 0.601545 0.410864
1 0.717454 0.326577 0.719461 0.342897 0.706185 0.344089 0.704178 0.327770
1 0.549697 0.425958 0.560043 0.447845 0.549642 0.451436 0.539296 0.429550
1 0.608814 0.435359 0.620976 0.446506 0.611315 0.454206 0.599153 0.443059
1 0.539796 0.617841 0.544679 0.594171 0.557968 0.596174 0.553084 0.619844
1 0.393331 0.600052 0.393331 0.584442 0.405301 0.584442 0.405301 0.600052
1 0.392807 0.477061 0.392807 0.461451 0.404777 0.461451 0.404777 0.477061
1 0.744590 0.490431 0.744590 0.474821 0.756561 0.474821 0.756561 0.490431
1 0.764197 0.462231 0.764197 0.446621 0.776167 0.446621 0.776167 0.462231
1 0.784479 0.450351 0.784479 0.434741 0.796449 0.434741 0.796449 0.450351
1 0.745089 0.583921 0.745089 0.568310 0.757059 0.568310 0.757059 0.583921
1 0.435790 0.338993 0.446018 0.338993 0.446018 0.350649 0.435790 0.350649
1 0.256228 0.420584 0.266740 0.420584 0.266740 0.433940 0.256228 0.433940
1 0.199210 0.469690 0.347587 0.469690 0.347587 0.485836 0.199210 0.485836
1 0.198695 0.592837 0.332990 0.592837 0.332990 0.607809 0.198695 0.607809
0 0.415539 0.002870 0.748595 0.002870 0.748595 0.284022 0.415539 0.284022
0 0.167971 0.303895 0.805358 0.303895 0.805358 0.682076 0.167971 0.682076
0 0.175493 0.677985 0.499658 0.677985 0.499658 0.979010 0.175493 0.979010
0 0.508549 0.675647 0.835449 0.675647 0.835449 0.976672 0.508549 0.976672