1 0.285417 0.148138 0.312576 0.148138 0.312576 0.159955 0.285417 0.159955
1 0.621201 0.012661 0.648360 0.012661 0.648360 0.024057 0.621201 0.024057
1 0.608362 0.028277 0.636015 0.028277 0.636015 0.038828 0.608362 0.038828
1 0.574290 0.042627 0.600461 0.042627 0.600461 0.053600 0.574290 0.053600
1 0.544168 0.055710 0.563920 0.055710 0.563920 0.067527 0.544168 0.067527
1 0.219259 0.478642 0.274544 0.478642 0.274544 0.490345 0.219259 0.490345
1 0.288237 0.578265 0.307579 0.578265 0.307579 0.589676 0.288237 0.589676
1 0.559379 0.577867 0.578299 0.577867 0.578299 0.590057 0.559379 0.590057
1 0.472244 0.286292 0.497991 0.292602 0.494250 0.303753 0.468503 0.297443
1 0.498618 0.244058 0.524365 0.250368 0.520624 0.261519 0.494877 0.255209
1 0.393973 0.276112 0.418248 0.266438 0.423983 0.276950 0.399709 0.286625
1 0.344005 0.221613 0.368838 0.213037 0.373922 0.223792 0.349089 0.232368
1 0.425916 0.382362 0.426352 0.361010 0.437373 0.361175 0.436936 0.382526
1 0.406106 0.465255 0.406427 0.449543 0.417979 0.449715 0.417658 0.465428
1 0.168874 0.549519 0.169238 0.531696 0.181982 0.531886 0.181618 0.549710
1 0.418113 0.121283 0.418623 0.096293 0.433581 0.096517 0.433070 0.121506
1 0.411501 0.127591 0.422566 0.141612 0.411649 0.147905 0.400584 0.133885
1 0.761677 0.095435 0.786733 0.129574 0.775346 0.135679 0.750290 0.101540
1 0.829791 0.101615 0.829791 0.086320 0.841717 0.086320 0.841717 0.101615
0 0.189855 0.006377 0.423062 0.006377 0.423062 0.148414 0.189855 0.148414
0 0.415539 0.009884 0.849811 0.009884 0.849811 0.141985 0.415539 0.141985
0 0.164805 0.145031 0.444529 0.145031 0.444529 0.597252 0.164805 0.597252
0 0.465390 0.166912 0.642707 0.166912 0.642707 0.597252 0.465390 0.597252
0 0.252041 0.594821 0.489971 0.594821 0.489971 0.998679 0.252041 0.998679
0 0.489971 0.591764 0.728300 0.591764 0.728300 0.982015 0.489971 0.982015