1 0.234469 0.324554 0.276984 0.324554 0.276984 0.336165 0.234469 0.336165
1 0.365400 0.474116 0.408701 0.474116 0.408701 0.485480 0.365400 0.485480
2 0.677088 0.370317 0.694380 0.370317 0.694380 0.387736 0.677088 0.387736
2 0.724641 0.451205 0.740698 0.451205 0.740698 0.468385 0.724641 0.468385
2 0.825614 0.530184 0.845685 0.530184 0.845685 0.547841 0.825614 0.547841
2 0.653003 0.570747 0.672456 0.570747 0.672456 0.588404 0.653003 0.588404
2 0.583218 0.562873 0.604524 0.562873 0.604524 0.579337 0.583218 0.579337
2 0.542767 0.465760 0.563764 0.465760 0.563764 0.482940 0.542767 0.482940
1 0.294408 0.641564 0.338032 0.641564 0.338032 0.654653 0.294408 0.654653
1 0.535971 0.682145 0.587883 0.682145 0.587883 0.697842 0.535971 0.697842
1 0.663493 0.838893 0.685499 0.838893 0.685499 0.850447 0.663493 0.850447
1 0.362747 0.508323 0.391591 0.527698 0.380689 0.537389 0.351845 0.518013
1 0.075699 0.734151 0.075699 0.704619 0.092315 0.704619 0.092315 0.734151
1 0.375057 0.680291 0.375057 0.671029 0.393159 0.671029 0.393159 0.680291
1 0.480976 0.726902 0.480976 0.717639 0.499078 0.717639 0.499078 0.726902
1 0.482976 0.699319 0.482976 0.682972 0.500422 0.682972 0.500422 0.699319
1 0.441328 0.734555 0.441328 0.718208 0.456646 0.718208 0.456646 0.734555
1 0.484016 0.769655 0.484016 0.753307 0.499333 0.753307 0.499333 0.769655
1 0.514239 0.780324 0.514239 0.763977 0.529557 0.763977 0.529557 0.780324
1 0.625580 0.805063 0.647586 0.818833 0.637185 0.828758 0.615179 0.814988
1 0.891644 0.721720 0.915666 0.721720 0.915666 0.732826 0.891644 0.732826
0 0.061569 0.311515 0.434902 0.311515 0.434902 0.623030 0.061569 0.623030
0 0.483529 0.136970 0.902353 0.136970 0.902353 0.344242 0.483529 0.344242
0 0.477255 0.346667 0.907059 0.346667 0.907059 0.603636 0.477255 0.603636
0 0.431765 0.647273 0.935294 0.647273 0.935294 0.859394 0.431765 0.859394
0 0.049020 0.626667 0.420784 0.626667 0.420784 0.843636 0.049020 0.843636