1 0.716742 0.560839 0.741176 0.560839 0.741176 0.574126 0.716742 0.574126
1 0.715535 0.584848 0.727903 0.584848 0.727903 0.595804 0.715535 0.595804
1 0.805128 0.648019 0.830468 0.648019 0.830468 0.661772 0.805128 0.661772
2 0.710709 0.777622 0.771644 0.777622 0.771644 0.802797 0.710709 0.802797
2 0.851282 0.544988 0.911011 0.544988 0.911011 0.567366 0.851282 0.567366
2 0.395195 0.635083 0.419497 0.635083 0.419497 0.655143 0.395195 0.655143
2 0.173433 0.684806 0.193041 0.684806 0.193041 0.705079 0.173433 0.705079
2 0.089754 0.717883 0.106877 0.717883 0.106877 0.735595 0.089754 0.735595
2 0.206849 0.813060 0.227561 0.813060 0.227561 0.832266 0.206849 0.832266
2 0.394366 0.857875 0.414803 0.857875 0.414803 0.878361 0.394366 0.878361
2 0.419497 0.817328 0.441867 0.817328 0.441867 0.837175 0.419497 0.837175
1 0.153643 0.280127 0.166310 0.259137 0.182225 0.264871 0.169558 0.285862
1 0.124718 0.377227 0.124190 0.365541 0.139276 0.365134 0.139804 0.376820
1 0.437895 0.251479 0.456313 0.243590 0.465370 0.256217 0.446953 0.264106
1 0.472893 0.337197 0.474453 0.314186 0.495413 0.315035 0.493853 0.338045
1 0.600444 0.365495 0.600444 0.329470 0.620523 0.329470 0.620523 0.365495
1 0.581562 0.318299 0.608028 0.302887 0.619892 0.315053 0.593425 0.330464
1 0.556896 0.287345 0.577137 0.288165 0.576298 0.300526 0.556057 0.299707
1 0.630817 0.698114 0.629586 0.670858 0.647614 0.670371 0.648846 0.697627
1 0.701909 0.751424 0.714510 0.728485 0.730871 0.733851 0.718270 0.756791
0 0.062325 0.575758 0.614146 0.575758 0.614146 0.893939 0.062325 0.893939
0 0.622549 0.555195 0.838235 0.555195 0.838235 0.809524 0.622549 0.809524
0 0.595938 0.130952 0.735994 0.130952 0.735994 0.544372 0.595938 0.544372
0 0.800420 0.135281 0.925070 0.135281 0.925070 0.582251 0.800420 0.582251
0 0.056723 0.110390 0.593137 0.110390 0.593137 0.559524 0.056723 0.559524