2 0.343514 0.237179 0.370287 0.237179 0.370287 0.260198 0.343514 0.260198
1 0.619532 0.221154 0.664027 0.221154 0.664027 0.236888 0.619532 0.236888
2 0.624811 0.289918 0.650075 0.289918 0.650075 0.313228 0.624811 0.313228
1 0.464932 0.360723 0.487557 0.360723 0.487557 0.374417 0.464932 0.374417
1 0.514329 0.363054 0.539593 0.363054 0.539593 0.374709 0.514329 0.374709
1 0.853562 0.422900 0.912882 0.422900 0.912882 0.437668 0.853562 0.437668
1 0.790625 0.617716 0.848734 0.617716 0.848734 0.631456 0.790625 0.631456
1 0.664881 0.611581 0.710447 0.611581 0.710447 0.624463 0.664881 0.624463
2 0.404567 0.668201 0.426905 0.668201 0.426905 0.691216 0.404567 0.691216
1 0.465872 0.660146 0.487962 0.660146 0.487962 0.674530 0.465872 0.674530
1 0.515513 0.660913 0.538099 0.660913 0.538099 0.673379 0.515513 0.673379
2 0.533879 0.688723 0.556466 0.688723 0.556466 0.710203 0.533879 0.710203
1 0.413313 0.732855 0.437049 0.732855 0.437049 0.745215 0.413313 0.745215
1 0.374097 0.761031 0.399209 0.761031 0.399209 0.773791 0.374097 0.773791
1 0.566563 0.730595 0.591159 0.730595 0.591159 0.744019 0.566563 0.744019
1 0.605779 0.759171 0.629859 0.759171 0.629859 0.771664 0.605779 0.771664
2 0.169935 0.474545 0.198431 0.474545 0.198431 0.497576 0.169935 0.497576
1 0.480112 0.240738 0.501605 0.224699 0.514573 0.235075 0.493080 0.251114
1 0.504991 0.223643 0.526484 0.207604 0.539452 0.217981 0.517958 0.234020
1 0.547278 0.279676 0.579585 0.284982 0.575540 0.299686 0.543234 0.294379
1 0.589677 0.255125 0.621161 0.262563 0.615961 0.275706 0.584477 0.268268
1 0.590103 0.212941 0.599426 0.220666 0.585928 0.230392 0.576606 0.222667
1 0.617747 0.334522 0.639230 0.323741 0.650296 0.336909 0.628813 0.347690
1 0.572930 0.341836 0.585224 0.312597 0.605384 0.317658 0.593090 0.346897
1 0.760963 0.420753 0.760963 0.409900 0.778304 0.409900 0.778304 0.420753
1 0.585094 0.645099 0.585094 0.634246 0.602436 0.634246 0.602436 0.645099
1 0.585410 0.658021 0.602708 0.685426 0.585401 0.691948 0.568103 0.664544
1 0.090113 0.539168 0.090113 0.518048 0.107855 0.518048 0.107855 0.539168
1 0.129746 0.480174 0.129746 0.446198 0.148372 0.446198 0.148372 0.480174
0 0.073084 0.198347 0.926916 0.198347 0.926916 0.786501 0.073084 0.786501