1 0.219138 0.235915 0.241784 0.235915 0.241784 0.245305 0.219138 0.245305
1 0.219138 0.253628 0.242613 0.253628 0.242613 0.262804 0.219138 0.262804
1 0.219138 0.266859 0.241232 0.266859 0.241232 0.275715 0.219138 0.275715
1 0.428473 0.259496 0.462717 0.259496 0.462717 0.268886 0.428473 0.268886
1 0.599982 0.254163 0.614232 0.254163 0.614232 0.263081 0.599982 0.263081
1 0.555114 0.277004 0.563946 0.277004 0.563946 0.284466 0.555114 0.284466
1 0.612701 0.275821 0.635783 0.275821 0.635783 0.284466 0.612701 0.284466
1 0.504884 0.274059 0.529160 0.274059 0.529160 0.283272 0.504884 0.283272
1 0.641292 0.452763 0.664803 0.452763 0.664803 0.461333 0.641292 0.461333
1 0.709477 0.432912 0.732135 0.432912 0.732135 0.441582 0.709477 0.441582
1 0.826741 0.394070 0.848715 0.394070 0.848715 0.403866 0.826741 0.403866
1 0.536033 0.542306 0.559460 0.542306 0.559460 0.552342 0.536033 0.552342
1 0.490705 0.578709 0.505984 0.578709 0.505984 0.587367 0.490705 0.587367
1 0.564808 0.577332 0.581105 0.577332 0.581105 0.585793 0.564808 0.585793
1 0.524573 0.589532 0.546728 0.589532 0.546728 0.598386 0.524573 0.598386
2 0.683311 0.571294 0.697902 0.571294 0.697902 0.585154 0.683311 0.585154
2 0.623423 0.640827 0.638623 0.640827 0.638623 0.654217 0.623423 0.654217
2 0.631023 0.711534 0.646527 0.711534 0.646527 0.726333 0.631023 0.726333
2 0.783934 0.649284 0.796398 0.649284 0.796398 0.661264 0.783934 0.661264
1 0.288553 0.293748 0.288553 0.279279 0.306218 0.279279 0.306218 0.293748
1 0.406554 0.447993 0.406554 0.431007 0.422727 0.431007 0.422727 0.447993
1 0.425554 0.442473 0.425554 0.425487 0.441728 0.425487 0.441728 0.442473
1 0.484350 0.364007 0.484350 0.347665 0.496631 0.347665 0.496631 0.364007
1 0.484525 0.403434 0.484525 0.387092 0.496806 0.387092 0.496806 0.403434
1 0.484580 0.442028 0.484580 0.425685 0.496861 0.425685 0.496861 0.442028
1 0.531433 0.437200 0.545872 0.433139 0.550265 0.442467 0.535826 0.446528
1 0.518561 0.479650 0.529458 0.468061 0.541148 0.474624 0.530251 0.486213
1 0.570800 0.498079 0.583771 0.498079 0.583771 0.508433 0.570800 0.508433
1 0.589662 0.542325 0.589662 0.525950 0.601427 0.525950 0.601427 0.542325
1 0.452963 0.553796 0.452963 0.540666 0.464930 0.540666 0.464930 0.553796
1 0.588120 0.417944 0.602559 0.413883 0.606952 0.423211 0.592513 0.427272
1 0.645853 0.399345 0.660291 0.395285 0.664685 0.404612 0.650246 0.408673
1 0.651501 0.430398 0.656867 0.413769 0.669622 0.416226 0.664256 0.432855
1 0.629532 0.457069 0.637118 0.473173 0.624765 0.476648 0.617179 0.460543
1 0.744144 0.453499 0.764986 0.447637 0.769482 0.457183 0.748641 0.463044
1 0.791221 0.360303 0.812062 0.366165 0.807566 0.375710 0.786725 0.369849
1 0.854724 0.351501 0.868379 0.337996 0.878738 0.344250 0.865083 0.357755
1 0.841425 0.348306 0.854255 0.344892 0.858708 0.354884 0.845877 0.358298
1 0.917432 0.380873 0.923243 0.392572 0.911259 0.396126 0.905448 0.384428
1 0.394453 0.561698 0.394453 0.546612 0.406559 0.546612 0.406559 0.561698
1 0.349408 0.562654 0.349408 0.550374 0.361260 0.550374 0.361260 0.562654
0 0.059715 0.130854 0.409091 0.130854 0.409091 0.233471 0.059715 0.233471
0 0.057041 0.233471 0.468806 0.233471 0.468806 0.578512 0.057041 0.578512
0 0.478381 0.247863 0.646305 0.247863 0.646305 0.605284 0.478381 0.605284
0 0.626082 0.502310 0.968639 0.544235 0.900704 0.875680 0.558146 0.833755
0 0.563308 0.385706 0.888638 0.299145 0.942342 0.419667 0.617013 0.506227