1 0.338064 0.402204 0.380570 0.402204 0.380570 0.418309 0.338064 0.418309
2 0.341355 0.430812 0.371795 0.430812 0.371795 0.454969 0.341355 0.454969
1 0.624092 0.412164 0.667695 0.412164 0.667695 0.427209 0.624092 0.427209
2 0.639175 0.450307 0.660016 0.450307 0.660016 0.472770 0.639175 0.472770
1 0.359232 0.491680 0.391420 0.491680 0.391420 0.507970 0.359232 0.507970
2 0.253442 0.538685 0.278473 0.538685 0.278473 0.562379 0.253442 0.562379
1 0.309554 0.595583 0.339174 0.595583 0.339174 0.611380 0.309554 0.611380
2 0.513767 0.555770 0.539841 0.555770 0.539841 0.578981 0.513767 0.578981
2 0.499791 0.597518 0.532958 0.597518 0.532958 0.621534 0.499791 0.621534
1 0.678060 0.594922 0.707313 0.594922 0.707313 0.610647 0.678060 0.610647
2 0.670217 0.518755 0.695866 0.518755 0.695866 0.540213 0.670217 0.540213
1 0.782141 0.495004 0.830472 0.495004 0.830472 0.511220 0.782141 0.511220
1 0.780657 0.407371 0.824324 0.407371 0.824324 0.423587 0.780657 0.423587
1 0.778890 0.359768 0.816854 0.359768 0.816854 0.374919 0.778890 0.374919
1 0.505441 0.669205 0.542193 0.669205 0.542193 0.683643 0.505441 0.683643
1 0.775639 0.642075 0.802741 0.642075 0.802741 0.657147 0.775639 0.657147
1 0.874465 0.554511 0.924724 0.554511 0.924724 0.571230 0.874465 0.571230
1 0.066486 0.554859 0.116069 0.554859 0.116069 0.569836 0.066486 0.569836
1 0.141537 0.447231 0.154669 0.422115 0.175586 0.428646 0.162454 0.453761
1 0.257597 0.328081 0.315234 0.346986 0.306363 0.363134 0.248727 0.344229
1 0.284252 0.320165 0.297134 0.309857 0.312816 0.321559 0.299934 0.331867
1 0.373013 0.252187 0.405003 0.276907 0.391180 0.287588 0.359190 0.262868
1 0.520756 0.369125 0.540345 0.384261 0.527347 0.394305 0.507759 0.379169
1 0.478476 0.496517 0.478476 0.449472 0.500680 0.449472 0.500680 0.496517
1 0.505106 0.490394 0.516114 0.481888 0.530527 0.493025 0.519519 0.501531
1 0.640367 0.471797 0.650744 0.491645 0.633701 0.496966 0.623323 0.477118
1 0.614589 0.538033 0.626471 0.529167 0.640140 0.540105 0.628259 0.548971
1 0.551609 0.568493 0.551609 0.546169 0.572351 0.546169 0.572351 0.568493
1 0.464784 0.545816 0.509309 0.551882 0.505321 0.569358 0.460796 0.563291
1 0.446001 0.633562 0.475062 0.660325 0.457470 0.671731 0.428409 0.644968
1 0.706902 0.359374 0.747162 0.390484 0.730929 0.403028 0.690669 0.371917
1 0.811046 0.440053 0.851306 0.471164 0.835073 0.483707 0.794813 0.452597
1 0.803362 0.537538 0.844319 0.506975 0.860266 0.519736 0.819309 0.550299
1 0.724005 0.544831 0.752336 0.559048 0.739808 0.573956 0.711476 0.559739
1 0.877314 0.620504 0.877314 0.598075 0.899683 0.598075 0.899683 0.620504
0 0.054829 0.233446 0.935004 0.233446 0.935004 0.703704 0.054829 0.703704