1 0.185679 0.537414 0.215553 0.537414 0.215553 0.550358 0.185679 0.550358
1 0.212054 0.319644 0.237813 0.319644 0.237813 0.333216 0.212054 0.333216
1 0.348616 0.223735 0.367319 0.223735 0.367319 0.235196 0.348616 0.235196
1 0.435664 0.315271 0.435664 0.277698 0.450320 0.277698 0.450320 0.315271
1 0.556290 0.085125 0.597315 0.070958 0.602699 0.082347 0.561674 0.096513
1 0.115708 0.479066 0.115708 0.462931 0.129215 0.462931 0.129215 0.479066
1 0.246106 0.358361 0.265533 0.373844 0.256296 0.382311 0.236868 0.366827
0 0.131862 0.025404 0.466381 0.025404 0.466381 0.180137 0.131862 0.180137
0 0.492321 0.024480 0.837107 0.024480 0.837107 0.169513 0.492321 0.169513
0 0.113033 0.221462 0.460224 0.221462 0.460224 0.556570 0.113033 0.556570
0 0.110685 0.591390 0.480073 0.591390 0.480073 0.887993 0.110685 0.887993
0 0.487849 0.427719 0.858209 0.427719 0.858209 0.883839 0.487849 0.883839