1 0.464278 0.310282 0.492434 0.310282 0.492434 0.323083 0.464278 0.323083
1 0.200358 0.183139 0.238118 0.202530 0.230869 0.212841 0.193110 0.193450
1 0.492010 0.537266 0.565369 0.537266 0.565369 0.556724 0.492010 0.556724
1 0.609933 0.561492 0.646070 0.561492 0.646070 0.580470 0.609933 0.580470
1 0.656519 0.561306 0.693744 0.561306 0.693744 0.580470 0.656519 0.580470
0 0.101661 0.074217 0.258211 0.074217 0.258211 0.255643 0.101661 0.255643
0 0.311942 0.018656 0.690048 0.018656 0.690048 0.327079 0.311942 0.327079
0 0.310615 0.361663 0.646268 0.361663 0.646268 0.484692 0.310615 0.484692
1 0.704016 0.313128 0.734706 0.283996 0.745807 0.292539 0.715117 0.321671
0 0.700510 0.011127 0.825828 0.011127 0.825828 0.323781 0.700510 0.323781
0 0.088239 0.529327 0.572207 0.529327 0.572207 0.828211 0.088239 0.828211
0 0.386617 0.671629 0.869391 0.671629 0.869391 0.971532 0.386617 0.971532