1 0.467071 0.228920 0.491575 0.228920 0.491575 0.239714 0.467071 0.239714
1 0.236821 0.398127 0.262463 0.398127 0.262463 0.410303 0.236821 0.410303
1 0.226850 0.535098 0.252491 0.535098 0.252491 0.547273 0.226850 0.547273
1 0.488960 0.600844 0.515313 0.600844 0.515313 0.611801 0.488960 0.611801
1 0.491809 0.659284 0.509259 0.659284 0.509259 0.671460 0.491809 0.671460
1 0.706273 0.884973 0.732537 0.884973 0.732537 0.897091 0.706273 0.897091
1 0.743856 0.618239 0.761833 0.618239 0.761833 0.629261 0.743856 0.629261
1 0.609274 0.167768 0.618591 0.152139 0.631108 0.157590 0.621791 0.173219
1 0.635224 0.046486 0.642912 0.062749 0.629887 0.067247 0.622199 0.050984
1 0.185167 0.476487 0.199197 0.493612 0.188562 0.499976 0.174532 0.482851
1 0.123825 0.511180 0.141266 0.511180 0.141266 0.522488 0.123825 0.522488
1 0.166036 0.460049 0.188205 0.451214 0.193692 0.461271 0.171523 0.470106
1 0.093154 0.485479 0.093468 0.470103 0.105295 0.470280 0.104981 0.485656
1 0.682075 0.582056 0.682391 0.566609 0.695820 0.566809 0.695505 0.582256
1 0.756535 0.552423 0.775216 0.538046 0.784330 0.546698 0.765649 0.561074
1 0.681616 0.426568 0.681616 0.410815 0.694243 0.410815 0.694243 0.426568
1 0.597262 0.330251 0.597262 0.308690 0.610056 0.308690 0.610056 0.330251
1 0.499165 0.334740 0.533372 0.323517 0.538176 0.334214 0.503969 0.345437
1 0.484589 0.311139 0.502009 0.293395 0.512757 0.301103 0.495337 0.318846
1 0.339717 0.384149 0.340031 0.368762 0.353353 0.368960 0.353039 0.384348
1 0.324051 0.370553 0.324498 0.348673 0.336640 0.348854 0.336193 0.370734
1 0.572574 0.220133 0.585760 0.231404 0.571336 0.243731 0.558150 0.232461
1 0.354275 0.036220 0.366494 0.048234 0.349795 0.060641 0.337576 0.048627
1 0.162135 0.418496 0.162449 0.403120 0.174277 0.403297 0.173963 0.418673
0 0.322740 0.007431 0.645383 0.007431 0.645383 0.245211 0.322740 0.245211
0 0.322740 0.226222 0.616403 0.226222 0.616403 0.528402 0.322740 0.528402
0 0.580661 0.240258 0.877222 0.240258 0.877222 0.636559 0.580661 0.636559
0 0.675328 0.533355 0.801874 0.533355 0.801874 0.636559 0.675328 0.636559
0 0.086070 0.242734 0.313080 0.242734 0.313080 0.591975 0.086070 0.591975
0 0.104424 0.653071 0.410645 0.653071 0.410645 0.986625 0.104424 0.986625
0 0.346889 0.539960 0.654077 0.539960 0.654077 0.871037 0.346889 0.871037
0 0.566171 0.714993 0.873358 0.714993 0.873358 0.982497 0.566171 0.982497