1 0.421947 0.000925 0.453323 0.000925 0.453323 0.012550 0.421947 0.012550
1 0.737094 0.000132 0.762442 0.000132 0.762442 0.010040 0.737094 0.010040
1 0.552587 0.132401 0.590470 0.105233 0.598827 0.113745 0.560944 0.140914
1 0.765267 0.104302 0.803150 0.131470 0.794793 0.139983 0.756910 0.112815
1 0.598506 0.013624 0.640776 0.032032 0.634146 0.043153 0.591877 0.024745
1 0.587933 0.127160 0.607245 0.147543 0.596559 0.154939 0.577247 0.134556
1 0.747009 0.145345 0.765477 0.124398 0.776459 0.131470 0.757990 0.152417
1 0.828886 0.110192 0.829091 0.076645 0.842292 0.076705 0.842086 0.110251
1 0.120006 0.248492 0.120258 0.207364 0.132941 0.207421 0.132689 0.248548
1 0.120220 0.404619 0.120472 0.363376 0.133406 0.363434 0.133154 0.404677
1 0.828441 0.273650 0.828598 0.247912 0.841536 0.247969 0.841378 0.273708
1 0.240743 0.345422 0.277233 0.372820 0.268668 0.381153 0.232178 0.353754
0 0.099020 0.000000 0.851404 0.000000 0.851404 0.250754 0.099020 0.250754
0 0.112143 0.240784 0.852862 0.240784 0.852862 0.443920 0.112143 0.443920
0 0.099020 0.467598 0.462089 0.467598 0.462089 0.674472 0.099020 0.674472
0 0.412513 0.465106 0.874734 0.465106 0.874734 0.654533 0.412513 0.654533
0 0.101936 0.647055 0.467922 0.647055 0.467922 0.982291 0.101936 0.982291
0 0.505832 0.658271 0.873276 0.658271 0.873276 0.983537 0.505832 0.983537