1 0.243825 0.213067 0.265285 0.213067 0.265285 0.224970 0.243825 0.224970
1 0.464135 0.246238 0.525320 0.246238 0.525320 0.257946 0.464135 0.257946
1 0.586609 0.211311 0.630795 0.211311 0.630795 0.223694 0.586609 0.223694
1 0.199144 0.229361 0.212578 0.191807 0.225385 0.195154 0.211952 0.232708
1 0.255026 0.182360 0.277698 0.155690 0.288300 0.162274 0.265629 0.188944
1 0.416546 0.127745 0.416546 0.096940 0.428835 0.096940 0.428835 0.127745
1 0.691609 0.087803 0.725888 0.084206 0.727527 0.095618 0.693248 0.099215
1 0.608754 0.078923 0.610562 0.049446 0.623996 0.050047 0.622188 0.079525
1 0.761158 0.014900 0.782192 0.000855 0.790717 0.010182 0.769684 0.024227
1 0.386143 0.380518 0.414706 0.360033 0.423389 0.368878 0.394826 0.389363
1 0.572044 0.349940 0.583312 0.308226 0.595490 0.310629 0.584223 0.352343
1 0.435067 0.436239 0.452911 0.415248 0.463471 0.421805 0.445627 0.442796
1 0.417137 0.359736 0.416513 0.329188 0.428820 0.329005 0.429444 0.359552
1 0.724633 0.322857 0.756296 0.341807 0.748808 0.350946 0.717145 0.331997
1 0.766054 0.380603 0.809671 0.392716 0.805525 0.403622 0.761908 0.391509
1 0.782513 0.367805 0.782513 0.349490 0.796251 0.349490 0.796251 0.367805
1 0.615368 0.402906 0.615368 0.377420 0.627782 0.377420 0.627782 0.402906
1 0.613769 0.526651 0.618644 0.497004 0.631132 0.498504 0.626257 0.528151
1 0.692425 0.534730 0.727448 0.534207 0.727668 0.544984 0.692645 0.545506
1 0.710043 0.510099 0.726063 0.493189 0.735913 0.500006 0.719892 0.516915
0 0.193213 0.014235 0.375753 0.014235 0.375753 0.252813 0.193213 0.252813
0 0.411728 0.001708 0.793463 0.001708 0.793463 0.231176 0.411728 0.231176
0 0.382415 0.243133 0.824109 0.243133 0.824109 0.445269 0.382415 0.445269
0 0.434379 0.469754 0.786801 0.469754 0.786801 0.669043 0.434379 0.669043
0 0.135919 0.593882 0.496336 0.593882 0.496336 0.873457 0.135919 0.873457
0 0.494337 0.688972 0.860084 0.688972 0.860084 0.967977 0.494337 0.967977