1 0.687875 0.283342 0.705399 0.284916 0.704007 0.296234 0.686484 0.294660
1 0.430905 0.450099 0.449584 0.493963 0.437497 0.497723 0.418818 0.453859
1 0.553020 0.428044 0.573843 0.414633 0.581967 0.423847 0.561144 0.437258
1 0.803922 0.332820 0.803254 0.300137 0.815570 0.299953 0.816238 0.332637
1 0.752284 0.322845 0.751620 0.290336 0.765411 0.290130 0.766075 0.322639
1 0.749459 0.265258 0.762074 0.254845 0.771264 0.262979 0.758649 0.273391
1 0.703900 0.251314 0.719999 0.246032 0.724600 0.256277 0.708501 0.261559
1 0.746314 0.201577 0.758114 0.212021 0.748026 0.220348 0.736226 0.209903
1 0.802740 0.268768 0.802740 0.253708 0.816055 0.253708 0.816055 0.268768
1 0.797536 0.166124 0.797536 0.035677 0.814029 0.035677 0.814029 0.166124
1 0.361562 0.557456 0.360963 0.528109 0.373085 0.527929 0.373685 0.557275
1 0.477945 0.539898 0.477344 0.510471 0.491692 0.510257 0.492293 0.539684
1 0.449154 0.610040 0.494590 0.610040 0.494590 0.622030 0.449154 0.622030
0 0.131010 0.007164 0.358604 0.007164 0.358604 0.380239 0.131010 0.380239
0 0.380683 0.005712 0.560720 0.005712 0.560720 0.381690 0.380683 0.381690
0 0.581951 0.031842 0.824830 0.031842 0.824830 0.375158 0.581951 0.375158
0 0.355207 0.409998 0.585347 0.409998 0.585347 0.629197 0.355207 0.629197
1 0.800211 0.506790 0.850287 0.506790 0.850287 0.526132 0.800211 0.526132
1 0.728469 0.554560 0.754710 0.554560 0.754710 0.576338 0.728469 0.576338
0 0.138916 0.632100 0.481199 0.632100 0.481199 0.964758 0.138916 0.964758
0 0.492463 0.629426 0.840378 0.629426 0.840378 0.960480 0.492463 0.960480