1 0.108823 0.234006 0.140996 0.234006 0.140996 0.245599 0.108823 0.245599
1 0.290007 0.237376 0.322180 0.237376 0.322180 0.248968 0.290007 0.248968
1 0.611788 0.135726 0.651041 0.129204 0.653498 0.140010 0.614245 0.146531
1 0.749972 0.098685 0.793090 0.098685 0.793090 0.113589 0.749972 0.113589
1 0.579979 0.115715 0.624977 0.102472 0.629854 0.114577 0.584856 0.127820
1 0.573631 0.097572 0.610130 0.086217 0.614985 0.097618 0.578486 0.108972
1 0.456662 0.145553 0.456662 0.118055 0.470225 0.118055 0.470225 0.145553
1 0.707573 0.498283 0.707573 0.483884 0.719367 0.483884 0.719367 0.498283
1 0.626467 0.389192 0.644701 0.389192 0.644701 0.400444 0.626467 0.400444
1 0.687528 0.495379 0.687528 0.486138 0.699864 0.486138 0.699864 0.495379
1 0.563075 0.480520 0.563075 0.470916 0.575798 0.470916 0.575798 0.480520
1 0.467079 0.489036 0.467079 0.469089 0.480401 0.469089 0.480401 0.489036
1 0.449459 0.524439 0.449459 0.510172 0.462283 0.510172 0.462283 0.524439
1 0.687652 0.365713 0.725825 0.353838 0.730451 0.364700 0.692278 0.376575
1 0.700826 0.388538 0.746644 0.374284 0.751954 0.386754 0.706136 0.401007
1 0.534417 0.569986 0.555336 0.552106 0.564018 0.559527 0.543099 0.577406
1 0.630708 0.403326 0.640672 0.403326 0.640672 0.414259 0.630708 0.414259
1 0.654061 0.415675 0.664418 0.415829 0.664175 0.427762 0.653817 0.427608
1 0.611511 0.493789 0.620955 0.508970 0.608358 0.514695 0.598914 0.499514
1 0.608348 0.568024 0.617465 0.571995 0.611777 0.581537 0.602659 0.577566
1 0.698308 0.002896 0.727148 0.002896 0.727148 0.014014 0.698308 0.014014
0 0.105272 0.022149 0.478251 0.022149 0.478251 0.255500 0.105272 0.255500
0 0.531004 0.001582 0.841974 0.001582 0.841974 0.460374 0.531004 0.460374
0 0.144143 0.297424 0.452336 0.297424 0.452336 0.494388 0.144143 0.494388
0 0.445858 0.383645 0.790146 0.383645 0.790146 0.695307 0.445858 0.695307
0 0.126558 0.592474 0.468070 0.592474 0.468070 0.904927 0.126558 0.904927
0 0.508792 0.707172 0.853081 0.707172 0.853081 0.976119 0.508792 0.976119