1 0.204019 0.590092 0.222411 0.590092 0.222411 0.602774 0.204019 0.602774
1 0.310201 0.598151 0.339722 0.598151 0.339722 0.608851 0.310201 0.608851
1 0.318856 0.689696 0.346986 0.689696 0.346986 0.700000 0.318856 0.700000
1 0.229057 0.782034 0.247141 0.782034 0.247141 0.792338 0.229057 0.792338
1 0.187017 0.790885 0.213756 0.790885 0.213756 0.801585 0.187017 0.801585
1 0.232148 0.807266 0.258114 0.807266 0.258114 0.818890 0.232148 0.818890
1 0.243895 0.836063 0.261051 0.836063 0.261051 0.847292 0.243895 0.847292
1 0.159505 0.822985 0.185935 0.822985 0.185935 0.833421 0.159505 0.833421
1 0.536012 0.847292 0.555332 0.847292 0.555332 0.858917 0.536012 0.858917
1 0.761582 0.770120 0.813503 0.770120 0.813503 0.781729 0.761582 0.781729
1 0.675425 0.003963 0.710510 0.003963 0.710510 0.014399 0.675425 0.014399
1 0.685626 0.331440 0.704482 0.331440 0.704482 0.342140 0.685626 0.342140
1 0.767010 0.497930 0.779730 0.497930 0.779730 0.509295 0.767010 0.509295
1 0.551623 0.491678 0.569243 0.491678 0.569243 0.504756 0.551623 0.504756
1 0.591639 0.032459 0.609823 0.025539 0.615470 0.036380 0.597287 0.043300
1 0.562973 0.089124 0.567543 0.103699 0.554200 0.106754 0.549631 0.092180
1 0.553123 0.114919 0.557805 0.129855 0.545194 0.132743 0.540512 0.117807
1 0.479585 0.131408 0.484267 0.146343 0.471656 0.149231 0.466973 0.134296
1 0.416865 0.146997 0.420626 0.162121 0.407855 0.164441 0.404094 0.149317
1 0.440495 0.176486 0.457301 0.173668 0.459928 0.185113 0.443122 0.187931
1 0.614374 0.122853 0.635263 0.137311 0.626963 0.146070 0.606075 0.131613
1 0.748686 0.133950 0.766666 0.146394 0.757805 0.155746 0.739825 0.143302
1 0.627917 0.185126 0.648068 0.170674 0.656120 0.178875 0.635968 0.193327
1 0.564021 0.181596 0.574072 0.167849 0.585260 0.173824 0.575210 0.187572
1 0.584327 0.091349 0.594396 0.070049 0.606624 0.074272 0.596555 0.095572
1 0.431630 0.097077 0.437867 0.083884 0.449734 0.087982 0.443497 0.101175
1 0.555368 0.414356 0.582844 0.420211 0.579725 0.430904 0.552248 0.425049
1 0.536865 0.496294 0.544213 0.472854 0.557187 0.475826 0.549839 0.499265
1 0.840872 0.698990 0.840487 0.680162 0.852475 0.679984 0.852859 0.698811
1 0.820113 0.707848 0.819807 0.692905 0.832307 0.692718 0.832612 0.707662
1 0.732257 0.692916 0.738640 0.714795 0.725404 0.717616 0.719022 0.695736
1 0.685952 0.661953 0.708346 0.669881 0.703121 0.680662 0.680727 0.672734
1 0.130139 0.654161 0.130139 0.637252 0.143740 0.637252 0.143740 0.654161
1 0.288717 0.659049 0.302323 0.658032 0.303400 0.668560 0.289795 0.669577
0 0.127921 0.020713 0.387225 0.020713 0.387225 0.704279 0.127921 0.704279
1 0.369397 0.638573 0.369261 0.631927 0.381730 0.631741 0.381866 0.638387
0 0.103653 0.686094 0.584505 0.686094 0.584505 0.991183 0.103653 0.991183
0 0.378425 0.700247 0.853757 0.700247 0.853757 0.989086 0.378425 0.989086
1 0.811380 0.324094 0.811380 0.284739 0.824624 0.284739 0.824624 0.324094
1 0.781341 0.548957 0.781010 0.525808 0.796296 0.525649 0.796627 0.548797
1 0.790263 0.457860 0.798309 0.460965 0.793370 0.470314 0.785324 0.467208
0 0.374347 0.000000 0.860442 0.000000 0.860442 0.787394 0.374347 0.787394
0 0.604144 0.597503 0.862479 0.597503 0.862479 0.786847 0.604144 0.786847