1 0.701587 0.005769 0.720317 0.005769 0.720317 0.016923 0.701587 0.016923
1 0.629048 0.019487 0.667143 0.019487 0.667143 0.030256 0.629048 0.030256
1 0.570317 0.121538 0.605079 0.121538 0.605079 0.131410 0.570317 0.131410
1 0.528889 0.070641 0.566349 0.070641 0.566349 0.078205 0.528889 0.078205
1 0.765714 0.419231 0.783492 0.419231 0.783492 0.429231 0.765714 0.429231
1 0.739524 0.435897 0.758730 0.435897 0.758730 0.446026 0.739524 0.446026
1 0.735556 0.451282 0.753333 0.451282 0.753333 0.461538 0.735556 0.461538
1 0.727778 0.466795 0.745873 0.466795 0.745873 0.477051 0.727778 0.477051
1 0.171162 0.622054 0.211166 0.622054 0.211166 0.633911 0.171162 0.633911
1 0.243646 0.563954 0.262180 0.563954 0.262180 0.575367 0.243646 0.575367
1 0.294844 0.649918 0.314295 0.649918 0.314295 0.660145 0.294844 0.660145
1 0.373016 0.709797 0.404762 0.709797 0.404762 0.720320 0.373016 0.720320
1 0.312381 0.517692 0.344444 0.517692 0.344444 0.529487 0.312381 0.529487
1 0.854986 0.249359 0.854986 0.220997 0.868413 0.220997 0.868413 0.249359
1 0.837684 0.249872 0.837684 0.221895 0.850794 0.221895 0.850794 0.249872
1 0.821494 0.249744 0.821494 0.222279 0.835238 0.222279 0.835238 0.249744
1 0.804986 0.246538 0.804986 0.224715 0.818889 0.224715 0.818889 0.246538
1 0.731897 0.364589 0.751312 0.386174 0.738989 0.393405 0.719573 0.371821
1 0.699762 0.379580 0.714638 0.369498 0.724561 0.379049 0.709684 0.389131
1 0.634862 0.425171 0.666023 0.404052 0.675183 0.412869 0.644022 0.433988
1 0.596045 0.248463 0.596045 0.227877 0.608788 0.227877 0.608788 0.248463
1 0.382222 0.246923 0.435697 0.267063 0.429611 0.277604 0.376137 0.257464
1 0.212290 0.129947 0.262111 0.143803 0.257680 0.154197 0.207859 0.140342
1 0.325418 0.027230 0.333848 0.003485 0.347729 0.006700 0.339299 0.030445
1 0.201393 0.198197 0.215278 0.176187 0.228145 0.181482 0.214260 0.203492
1 0.333054 0.226003 0.359727 0.221030 0.363021 0.232554 0.336348 0.237527
1 0.576055 0.068169 0.628034 0.079419 0.624625 0.089696 0.572645 0.078447
0 0.070495 0.000000 0.607314 0.000000 0.607314 0.449095 0.070495 0.449095
0 0.568475 0.003365 0.872752 0.003365 0.872752 0.482537 0.568475 0.482537
0 0.091417 0.467975 0.542132 0.467975 0.542132 0.742851 0.091417 0.742851
0 0.404958 0.671098 0.856980 0.671098 0.856980 0.953888 0.404958 0.953888