1 0.556896 0.313261 0.579186 0.313261 0.579186 0.326211 0.556896 0.326211
1 0.561421 0.335405 0.575834 0.335405 0.575834 0.347837 0.561421 0.347837
1 0.512150 0.335794 0.525557 0.335794 0.525557 0.348744 0.512150 0.348744
2 0.720988 0.423852 0.741690 0.423852 0.741690 0.441020 0.720988 0.441020
2 0.827527 0.392119 0.847724 0.392119 0.847724 0.409026 0.827527 0.409026
2 0.844626 0.582104 0.864747 0.582104 0.864747 0.599556 0.844626 0.599556
2 0.743433 0.643225 0.762671 0.643225 0.762671 0.660377 0.743433 0.660377
1 0.255956 0.334800 0.281257 0.334800 0.281257 0.347507 0.255956 0.347507
1 0.346194 0.352884 0.401223 0.352884 0.401223 0.366895 0.346194 0.366895
1 0.292642 0.452428 0.305714 0.452428 0.305714 0.465298 0.292642 0.465298
1 0.254691 0.718638 0.278305 0.718638 0.278305 0.732323 0.254691 0.732323
1 0.254902 0.737700 0.278305 0.737700 0.278305 0.751222 0.254902 0.751222
1 0.254269 0.759042 0.278516 0.759042 0.278516 0.772076 0.254269 0.772076
1 0.415966 0.714935 0.470868 0.714935 0.470868 0.728355 0.415966 0.728355
1 0.433333 0.577273 0.489076 0.577273 0.489076 0.590476 0.433333 0.590476
1 0.134126 0.415861 0.188360 0.415861 0.188360 0.430368 0.134126 0.430368
1 0.140384 0.445680 0.185023 0.445680 0.185023 0.459220 0.140384 0.459220
1 0.125782 0.475177 0.169796 0.475177 0.169796 0.489523 0.125782 0.489523
1 0.408445 0.249105 0.408445 0.224648 0.427436 0.224648 0.427436 0.249105
1 0.409063 0.287759 0.409063 0.277013 0.426960 0.277013 0.426960 0.287759
1 0.341984 0.466132 0.341984 0.448371 0.360086 0.448371 0.360086 0.466132
1 0.350904 0.516142 0.398693 0.497326 0.408249 0.511819 0.360460 0.530634
1 0.288751 0.586600 0.315877 0.568379 0.328236 0.579366 0.301111 0.597587
1 0.237782 0.581044 0.265315 0.598897 0.253205 0.610049 0.225672 0.592196
1 0.106457 0.574227 0.106457 0.552893 0.125787 0.552893 0.125787 0.574227
1 0.201038 0.651905 0.242325 0.634221 0.253455 0.649736 0.212168 0.667421
1 0.257378 0.703704 0.257378 0.683093 0.277949 0.683093 0.277949 0.703704
1 0.413725 0.655455 0.413725 0.637833 0.432458 0.637833 0.432458 0.655455
1 0.446999 0.655032 0.446999 0.638017 0.462809 0.638017 0.462809 0.655032
1 0.475924 0.668567 0.475924 0.651552 0.491734 0.651552 0.491734 0.668567
0 0.113785 0.218549 0.470291 0.218549 0.470291 0.314968 0.113785 0.314968
0 0.625966 0.328742 0.912359 0.328742 0.912359 0.732782 0.625966 0.732782
0 0.504753 0.306703 0.599822 0.306703 0.599822 0.709826 0.504753 0.709826
0 0.088829 0.325987 0.500000 0.325987 0.500000 0.781451 0.088829 0.781451