2 0.599859 0.349891 0.620881 0.349891 0.620881 0.369884 0.599859 0.369884
2 0.835557 0.352702 0.856984 0.352702 0.856984 0.372071 0.835557 0.372071
2 0.739337 0.544517 0.757530 0.544517 0.757530 0.561387 0.739337 0.561387
2 0.796746 0.601999 0.814938 0.601999 0.814938 0.622306 0.796746 0.622306
2 0.869921 0.575133 0.890944 0.575133 0.890944 0.596064 0.869921 0.596064
2 0.556196 0.477351 0.578431 0.477351 0.578431 0.496407 0.556196 0.496407
1 0.263360 0.559715 0.311419 0.559715 0.311419 0.574272 0.263360 0.574272
1 0.264129 0.578431 0.309112 0.578431 0.309112 0.592097 0.264129 0.592097
1 0.499616 0.734551 0.499616 0.709596 0.518454 0.709596 0.518454 0.734551
1 0.432141 0.650030 0.432141 0.638877 0.449235 0.638877 0.449235 0.650030
1 0.478431 0.827879 0.478431 0.808990 0.496232 0.808990 0.496232 0.827879
1 0.298139 0.341879 0.336895 0.327273 0.345550 0.340985 0.306794 0.355592
0 0.069382 0.548951 0.541478 0.548951 0.541478 0.850816 0.069382 0.850816
0 0.521870 0.333333 0.936652 0.333333 0.936652 0.662005 0.521870 0.662005
0 0.070890 0.188811 0.503771 0.188811 0.503771 0.531469 0.070890 0.531469