1 0.579248 0.313920 0.606209 0.313920 0.606209 0.330335 0.579248 0.330335
1 0.425062 0.359108 0.488393 0.359108 0.488393 0.374956 0.425062 0.374956
2 0.342929 0.500967 0.380058 0.500967 0.380058 0.532237 0.342929 0.532237
1 0.435962 0.526112 0.499791 0.526112 0.499791 0.541908 0.435962 0.541908
2 0.781393 0.324629 0.811848 0.324629 0.811848 0.357189 0.781393 0.357189
2 0.260554 0.726560 0.291003 0.726560 0.291003 0.755437 0.260554 0.755437
1 0.296919 0.228921 0.329924 0.219638 0.338205 0.237219 0.305200 0.246501
1 0.202717 0.266647 0.218114 0.242253 0.239875 0.250454 0.224478 0.274849
1 0.290837 0.308535 0.322132 0.320856 0.311141 0.337526 0.279845 0.325204
1 0.248027 0.402206 0.263973 0.378023 0.285545 0.386516 0.269599 0.410699
1 0.343071 0.389952 0.377427 0.395595 0.372393 0.413895 0.338037 0.408252
1 0.342812 0.419740 0.368500 0.438250 0.351988 0.451933 0.326300 0.433423
1 0.450596 0.429427 0.474098 0.449596 0.456105 0.462115 0.432603 0.441945
1 0.498318 0.472796 0.514807 0.496760 0.493430 0.505544 0.476940 0.481580
1 0.650920 0.447741 0.677022 0.429581 0.693223 0.443484 0.667121 0.461645
1 0.607990 0.497064 0.617081 0.470848 0.640467 0.475690 0.631376 0.501906
1 0.660329 0.405657 0.693539 0.414493 0.685656 0.432183 0.652446 0.423346
1 0.735111 0.434455 0.768117 0.425172 0.776398 0.442752 0.743392 0.452035
1 0.783651 0.452725 0.807076 0.465876 0.793559 0.480252 0.770134 0.467101
1 0.842743 0.415258 0.852170 0.436413 0.830426 0.442199 0.821000 0.421044
1 0.697211 0.342145 0.739540 0.358811 0.728863 0.375004 0.686533 0.358337
1 0.861731 0.352778 0.876920 0.380428 0.854707 0.387714 0.839518 0.360063
2 0.136538 0.537694 0.136538 0.508623 0.181492 0.508623 0.181492 0.537694
2 0.556068 0.520455 0.556068 0.491384 0.601022 0.491384 0.601022 0.520455
0 0.111765 0.206061 0.900784 0.206061 0.900784 0.772121 0.111765 0.772121