2 0.281297 0.440771 0.307624 0.440771 0.307624 0.468955 0.281297 0.468955
2 0.282394 0.525959 0.312012 0.525959 0.312012 0.553931 0.282394 0.553931
2 0.440354 0.526383 0.470794 0.526383 0.470794 0.555202 0.440354 0.555202
1 0.534691 0.406018 0.568696 0.406018 0.568696 0.419369 0.534691 0.419369
2 0.647402 0.404111 0.682230 0.404111 0.682230 0.431235 0.647402 0.431235
1 0.657699 0.346606 0.679891 0.346606 0.679891 0.358586 0.657699 0.358586
1 0.722754 0.345314 0.745098 0.345314 0.745098 0.357059 0.722754 0.357059
1 0.777018 0.345196 0.798450 0.345196 0.798450 0.357764 0.777018 0.357764
1 0.825657 0.346018 0.838273 0.346018 0.838273 0.357999 0.825657 0.357999
1 0.855601 0.346371 0.868521 0.346371 0.868521 0.357881 0.855601 0.357881
1 0.879313 0.348250 0.889801 0.348250 0.889801 0.358938 0.879313 0.358938
2 0.908801 0.366808 0.933425 0.366808 0.933425 0.393939 0.908801 0.393939
1 0.576420 0.347125 0.605078 0.347125 0.605078 0.376263 0.576420 0.376263
2 0.407690 0.583825 0.440031 0.583825 0.440031 0.613735 0.407690 0.613735
1 0.460783 0.354250 0.469020 0.381818 0.449534 0.385294 0.441297 0.357726
1 0.523528 0.342432 0.531765 0.370000 0.512279 0.373476 0.504043 0.345908
1 0.574992 0.442706 0.593300 0.418203 0.610619 0.425930 0.592311 0.450432
1 0.596863 0.508182 0.596665 0.486261 0.612088 0.486178 0.612286 0.508099
1 0.435686 0.509697 0.436157 0.488843 0.454887 0.489096 0.454416 0.509950
1 0.415294 0.510303 0.415765 0.489450 0.434495 0.489702 0.434024 0.510556
1 0.559842 0.567877 0.573743 0.585754 0.557686 0.593210 0.543785 0.575332
1 0.907140 0.506432 0.907140 0.487318 0.920370 0.487318 0.920370 0.506432
0 0.063137 0.333333 0.947843 0.333333 0.947843 0.625455 0.063137 0.625455