1 0.269794 0.262179 0.302060 0.262179 0.302060 0.280015 0.269794 0.280015
1 0.234053 0.293057 0.283693 0.293057 0.283693 0.311086 0.234053 0.311086
1 0.531646 0.258343 0.563415 0.258343 0.563415 0.276371 0.531646 0.276371
1 0.752544 0.260836 0.831224 0.260836 0.831224 0.284043 0.752544 0.284043
1 0.850831 0.310510 0.903202 0.310510 0.903202 0.329689 0.850831 0.329689
1 0.867461 0.357883 0.914619 0.357883 0.914619 0.376295 0.867461 0.376295
1 0.544433 0.359995 0.599975 0.359995 0.599975 0.376122 0.544433 0.376122
1 0.464142 0.505604 0.498523 0.505604 0.498523 0.524699 0.464142 0.524699
1 0.402632 0.535492 0.449637 0.535492 0.449637 0.551889 0.402632 0.551889
2 0.556809 0.553342 0.591190 0.553342 0.591190 0.582192 0.556809 0.582192
2 0.602740 0.573267 0.639538 0.573267 0.639538 0.602740 0.602740 0.602740
1 0.798187 0.502430 0.828154 0.502430 0.828154 0.518868 0.798187 0.518868
1 0.672899 0.685224 0.723362 0.685224 0.723362 0.702725 0.672899 0.702725
1 0.465800 0.738901 0.512996 0.738901 0.512996 0.755638 0.465800 0.755638
2 0.358413 0.701727 0.388737 0.701727 0.388737 0.729035 0.358413 0.729035
1 0.320784 0.416768 0.376993 0.416768 0.376993 0.433131 0.320784 0.433131
1 0.281830 0.509293 0.333333 0.509293 0.333333 0.527475 0.281830 0.527475
1 0.112020 0.485386 0.168871 0.485386 0.168871 0.502779 0.112020 0.502779
1 0.666126 0.364570 0.710945 0.381462 0.702112 0.395455 0.657293 0.378564
1 0.522777 0.328742 0.522777 0.312390 0.543676 0.312390 0.543676 0.328742
1 0.848230 0.531090 0.848230 0.506601 0.868686 0.506601 0.868686 0.531090
1 0.663479 0.534520 0.685800 0.561079 0.668627 0.569697 0.646307 0.543138
1 0.603009 0.529406 0.625770 0.547619 0.609569 0.559709 0.586807 0.541495
1 0.696054 0.581821 0.714161 0.589899 0.703648 0.603969 0.685541 0.595891
1 0.396113 0.647528 0.396113 0.614226 0.422063 0.614226 0.422063 0.647528
1 0.520728 0.496104 0.520728 0.480791 0.544273 0.480791 0.544273 0.496104
1 0.379928 0.386073 0.421748 0.365087 0.432722 0.378145 0.390901 0.399131
1 0.245407 0.363270 0.247695 0.397000 0.228497 0.397778 0.226209 0.364047
1 0.122826 0.373499 0.122826 0.358704 0.142935 0.358704 0.142935 0.373499
1 0.076767 0.388508 0.076767 0.365531 0.101085 0.365531 0.101085 0.388508
1 0.076957 0.450711 0.076957 0.427734 0.101276 0.427734 0.101276 0.450711
0 0.063348 0.250583 0.929110 0.250583 0.929110 0.765734 0.063348 0.765734