1 0.288730 0.206154 0.305556 0.206154 0.305556 0.216538 0.288730 0.216538
1 0.285079 0.282436 0.309524 0.282436 0.309524 0.293333 0.285079 0.293333
1 0.287778 0.303333 0.304921 0.303333 0.304921 0.313974 0.287778 0.313974
1 0.283333 0.315641 0.309206 0.315641 0.309206 0.326538 0.283333 0.326538
1 0.283968 0.329359 0.309365 0.329359 0.309365 0.339744 0.283968 0.339744
1 0.284127 0.342051 0.309524 0.342051 0.309524 0.351923 0.284127 0.351923
1 0.285556 0.614487 0.308254 0.614487 0.308254 0.625513 0.285556 0.625513
1 0.283810 0.628462 0.308095 0.628462 0.308095 0.639487 0.283810 0.639487
1 0.285397 0.643205 0.308889 0.643205 0.308889 0.653718 0.285397 0.653718
1 0.687302 0.548462 0.728095 0.548462 0.728095 0.560385 0.687302 0.560385
1 0.484223 0.541675 0.519365 0.537179 0.521359 0.547350 0.486217 0.551845
1 0.440006 0.452842 0.472252 0.440697 0.477640 0.450029 0.445394 0.462174
1 0.378413 0.369359 0.378413 0.346282 0.390635 0.346282 0.390635 0.369359
1 0.531664 0.363325 0.572786 0.363325 0.572786 0.375282 0.531664 0.375282
1 0.186508 0.383974 0.186508 0.364103 0.199524 0.364103 0.199524 0.383974
1 0.088349 0.507396 0.088349 0.487524 0.101365 0.487524 0.101365 0.507396
1 0.070000 0.495256 0.070000 0.476698 0.083651 0.476698 0.083651 0.495256
1 0.502063 0.603718 0.502063 0.595385 0.514762 0.595385 0.514762 0.603718
1 0.483016 0.629615 0.483016 0.621282 0.495714 0.621282 0.495714 0.629615
1 0.459646 0.486361 0.486906 0.477909 0.491464 0.487500 0.464204 0.495951
1 0.635860 0.471920 0.710000 0.462436 0.712234 0.473830 0.638094 0.483314
1 0.611599 0.569231 0.611599 0.551484 0.624603 0.551484 0.624603 0.569231
1 0.588095 0.403960 0.601077 0.387180 0.613299 0.393348 0.600317 0.410128
1 0.622300 0.305547 0.685254 0.338568 0.677476 0.348243 0.614521 0.315222
0 0.139345 0.657987 0.494796 0.657987 0.494796 0.960803 0.139345 0.960803
0 0.107740 0.016394 0.484900 0.016394 0.484900 0.298899 0.107740 0.298899
0 0.475067 0.012423 0.872594 0.012423 0.872594 0.639834 0.475067 0.639834
0 0.067706 0.303438 0.524231 0.303438 0.524231 0.656853 0.067706 0.656853
0 0.459667 0.657104 0.821364 0.657104 0.821364 0.972362 0.459667 0.972362