1 0.590138 0.662125 0.654366 0.662125 0.654366 0.685435 0.590138 0.685435
1 0.694921 0.314278 0.719524 0.314278 0.719524 0.325641 0.694921 0.325641
1 0.270806 0.319394 0.297178 0.319394 0.297178 0.331762 0.270806 0.331762
1 0.271465 0.334425 0.296354 0.334425 0.296354 0.344809 0.271465 0.344809
1 0.271270 0.503846 0.297778 0.503846 0.297778 0.514359 0.271270 0.514359
1 0.271587 0.516667 0.297778 0.516667 0.297778 0.527051 0.271587 0.527051
1 0.452908 0.396283 0.471602 0.396283 0.471602 0.407401 0.452908 0.407401
1 0.757047 0.132958 0.773968 0.127436 0.779266 0.138027 0.762345 0.143549
1 0.579769 0.143463 0.596667 0.137949 0.601794 0.148199 0.584896 0.153713
1 0.475365 0.163624 0.491882 0.169845 0.486098 0.179864 0.469581 0.173643
1 0.458447 0.341196 0.472610 0.331933 0.481224 0.340524 0.467061 0.349787
1 0.849354 0.405697 0.874830 0.413187 0.869458 0.425108 0.843982 0.417618
1 0.863968 0.333590 0.881111 0.333590 0.881111 0.344359 0.863968 0.344359
1 0.476190 0.520142 0.476015 0.512043 0.488669 0.511865 0.488844 0.519964
1 0.430283 0.421568 0.439874 0.423936 0.436174 0.433711 0.426583 0.431343
1 0.433784 0.398904 0.459215 0.407203 0.454034 0.417560 0.428603 0.409261
1 0.417124 0.462474 0.439614 0.475193 0.431991 0.483986 0.409501 0.471267
1 0.458494 0.444869 0.458725 0.429585 0.471977 0.429716 0.471746 0.445000
1 0.474371 0.429366 0.474598 0.414329 0.486894 0.414450 0.486667 0.429487
1 0.492948 0.431908 0.493160 0.417942 0.506825 0.418077 0.506614 0.432043
0 0.075250 0.008547 0.495591 0.008547 0.495591 0.307692 0.075250 0.307692
0 0.572016 0.011713 0.781697 0.011713 0.781697 0.299778 0.572016 0.299778
0 0.104644 0.316398 0.517147 0.316398 0.517147 0.533238 0.104644 0.533238
0 0.530864 0.311649 0.890457 0.311649 0.890457 0.500000 0.530864 0.500000
0 0.123392 0.567097 0.529487 0.567097 0.529487 0.825847 0.123392 0.825847
0 0.427529 0.709807 0.835361 0.709807 0.835361 0.967153 0.427529 0.967153