1 0.454986 0.233873 0.545324 0.233873 0.545324 0.256081 0.454986 0.256081
1 0.474953 0.261291 0.526846 0.261291 0.526846 0.283751 0.474953 0.283751
1 0.489881 0.292273 0.511787 0.292273 0.511787 0.311465 0.489881 0.311465
1 0.470894 0.671399 0.532652 0.671399 0.532652 0.693195 0.470894 0.693195
1 0.352543 0.641574 0.445789 0.641574 0.445789 0.665336 0.352543 0.665336
1 0.612499 0.335535 0.613681 0.367433 0.599971 0.368449 0.598789 0.336551
1 0.607896 0.443722 0.607896 0.337418 0.622170 0.337418 0.622170 0.443722
1 0.440825 0.494273 0.462989 0.504278 0.458776 0.522951 0.436611 0.512946
1 0.382392 0.498160 0.382392 0.385636 0.396700 0.385636 0.396700 0.498160
1 0.440421 0.493703 0.462586 0.503707 0.458373 0.522380 0.436208 0.512376
1 0.281183 0.480735 0.281183 0.422491 0.295489 0.422491 0.295489 0.480735
0 0.276588 0.229006 0.672253 0.229006 0.672253 0.701276 0.276588 0.701276