1 0.273519 0.417417 0.326966 0.417417 0.326966 0.439909 0.273519 0.439909
1 0.266999 0.453841 0.280040 0.453841 0.280040 0.474822 0.266999 0.474822
1 0.087651 0.132159 0.197117 0.132159 0.197117 0.157797 0.087651 0.157797
1 0.321313 0.388924 0.337762 0.388924 0.337762 0.411349 0.321313 0.411349
1 0.432173 0.591815 0.432173 0.572680 0.447016 0.572680 0.447016 0.591815
1 0.456693 0.632267 0.456693 0.609872 0.471236 0.609872 0.471236 0.632267
1 0.152659 0.650775 0.152659 0.628380 0.167201 0.628380 0.167201 0.650775
1 0.112880 0.644591 0.112880 0.624854 0.126876 0.624854 0.126876 0.644591
1 0.153234 0.311871 0.153234 0.292135 0.167230 0.292135 0.167230 0.311871
1 0.112576 0.268860 0.112576 0.247829 0.127212 0.247829 0.127212 0.268860
1 0.359340 0.157709 0.409898 0.031478 0.427659 0.046261 0.377102 0.172491
1 0.332675 0.079204 0.342444 0.131759 0.323413 0.139110 0.313644 0.086555
1 0.234023 0.019058 0.253701 0.092956 0.240122 0.100470 0.220443 0.026572
1 0.418471 0.384095 0.449841 0.384095 0.449841 0.412666 0.418471 0.412666
1 0.941613 0.632023 0.941613 0.609628 0.956155 0.609628 0.956155 0.632023
1 0.901658 0.671197 0.901658 0.659424 0.915827 0.659424 0.915827 0.671197
1 0.762591 0.417996 0.777866 0.417996 0.777866 0.438881 0.762591 0.438881
1 0.765848 0.687079 0.773598 0.687079 0.773598 0.706994 0.765848 0.706994
0 0.670620 0.140926 0.962290 0.140926 0.962290 0.383919 0.670620 0.383919
0 0.085577 0.016031 0.611562 0.016031 0.611562 0.414297 0.085577 0.414297
0 0.110058 0.413289 0.481465 0.413289 0.481465 0.760133 0.110058 0.760133
0 0.677310 0.413289 0.966182 0.413289 0.966182 0.720811 0.677310 0.720811
1 0.516236 0.383656 0.544256 0.383656 0.544256 0.412193 0.516236 0.412193
1 0.589027 0.387607 0.607606 0.387607 0.607606 0.413510 0.589027 0.413510