1 0.205731 0.067407 0.322505 0.067407 0.322505 0.096772 0.205731 0.096772
1 0.387085 0.187698 0.507380 0.187698 0.507380 0.217750 0.387085 0.217750
1 0.398708 0.227065 0.503321 0.227065 0.503321 0.255185 0.398708 0.255185
1 0.103690 0.193497 0.129520 0.193497 0.129520 0.223023 0.103690 0.223023
1 0.220664 0.692443 0.273432 0.692443 0.273432 0.716872 0.220664 0.716872
1 0.521846 0.578207 0.521846 0.474517 0.557380 0.474517 0.557380 0.578207
1 0.574558 0.695248 0.574558 0.599397 0.608952 0.599397 0.608952 0.695248
1 0.837685 0.557295 0.837685 0.495196 0.872974 0.495196 0.872974 0.557295
1 0.093477 0.565026 0.093477 0.514664 0.129336 0.514664 0.129336 0.565026
1 0.093604 0.870177 0.093604 0.822356 0.118763 0.822356 0.118763 0.870177
0 0.100811 0.065156 0.509157 0.065156 0.509157 0.291301 0.100811 0.291301
0 0.589877 0.081309 0.850350 0.081309 0.850350 0.319084 0.589877 0.319084
0 0.518654 0.434095 0.885622 0.434095 0.885622 0.699008 0.518654 0.699008
0 0.088602 0.461232 0.347718 0.461232 0.347718 0.613719 0.088602 0.613719
0 0.089958 0.687377 0.349753 0.687377 0.349753 0.932906 0.089958 0.932906