1 0.190231 0.077895 0.300735 0.077895 0.300735 0.119740 0.190231 0.119740
1 0.186649 0.147421 0.295107 0.147421 0.295107 0.185403 0.186649 0.185403
1 0.178508 0.448173 0.272189 0.448173 0.272189 0.487347 0.178508 0.487347
1 0.190790 0.507474 0.300751 0.507474 0.300751 0.545570 0.190790 0.545570
1 0.085674 0.297387 0.135462 0.297387 0.135462 0.337662 0.085674 0.337662
1 0.219473 0.848012 0.234700 0.848012 0.234700 0.876753 0.219473 0.876753
1 0.733240 0.856271 0.794147 0.856271 0.794147 0.897895 0.733240 0.897895
1 0.888625 0.853333 0.888625 0.740119 0.918507 0.740119 0.918507 0.853333
1 0.594355 0.857829 0.594355 0.727204 0.625016 0.727204 0.625016 0.857829
1 0.375968 0.712012 0.375968 0.572351 0.406801 0.572351 0.406801 0.712012
0 0.081006 0.072493 0.347483 0.072493 0.347483 0.565231 0.081006 0.565231
0 0.121277 0.569544 0.420314 0.569544 0.420314 0.889770 0.121277 0.889770
0 0.589111 0.719414 0.931847 0.719414 0.931847 0.915647 0.589111 0.915647
0 0.667084 0.219128 0.929276 0.219128 0.929276 0.489757 0.667084 0.489757