0 0.741376 0.073709 0.910105 0.073709 0.910105 0.390681 0.741376 0.390681
1 0.334208 0.322593 0.460192 0.322593 0.460192 0.357743 0.334208 0.357743
1 0.797900 0.499121 0.929134 0.499121 0.929134 0.533490 0.797900 0.533490
1 0.377078 0.887327 0.501312 0.887327 0.501312 0.922476 0.377078 0.922476
1 0.631703 0.809771 0.631703 0.722507 0.670306 0.722507 0.670306 0.809771
1 0.692743 0.818765 0.692743 0.755218 0.731198 0.755218 0.731198 0.818765
1 0.366512 0.813260 0.366512 0.713797 0.405113 0.713797 0.405113 0.813260
1 0.114094 0.847701 0.114094 0.797250 0.153376 0.797250 0.153376 0.847701
1 0.050760 0.778518 0.050760 0.692671 0.089552 0.692671 0.089552 0.778518
1 0.104956 0.325117 0.104956 0.211504 0.144069 0.211504 0.144069 0.325117
0 0.097087 0.204317 0.466545 0.204317 0.466545 0.368809 0.097087 0.368809
0 0.046662 0.586112 0.506303 0.586112 0.506303 0.933277 0.046662 0.933277
0 0.626547 0.494342 0.942671 0.494342 0.942671 0.877003 0.626547 0.877003