0 0.550635 0.101910 0.875049 0.101910 0.875049 0.474759 0.550635 0.474759
1 0.175620 0.504968 0.263098 0.504968 0.263098 0.527209 0.175620 0.527209
1 0.197846 0.555828 0.293439 0.555828 0.293439 0.577644 0.197846 0.577644
1 0.059041 0.337036 0.114487 0.337036 0.114487 0.359591 0.059041 0.359591
1 0.196613 0.065762 0.292015 0.065762 0.292015 0.088986 0.196613 0.088986
1 0.191694 0.114072 0.287096 0.114072 0.287096 0.137296 0.191694 0.137296
1 0.184587 0.818654 0.194951 0.818654 0.194951 0.837270 0.184587 0.837270
1 0.677722 0.837270 0.720524 0.837270 0.720524 0.864690 0.677722 0.864690
1 0.820714 0.793017 0.820714 0.702476 0.840483 0.702476 0.840483 0.793017
1 0.541256 0.796547 0.541256 0.693191 0.559298 0.693191 0.559298 0.796547
1 0.393028 0.951062 0.393028 0.815578 0.408163 0.815578 0.408163 0.951062
0 0.055109 0.058422 0.369195 0.058422 0.369195 0.586595 0.055109 0.586595
0 0.115949 0.656516 0.414824 0.656516 0.414824 0.959865 0.115949 0.959865
0 0.535743 0.658667 0.847547 0.658667 0.847547 0.873809 0.535743 0.873809