2 0.855158 0.158630 0.874595 0.158630 0.874595 0.175494 0.855158 0.175494
2 0.797528 0.193676 0.815601 0.193676 0.815601 0.211858 0.797528 0.211858
2 0.703751 0.216601 0.723870 0.216601 0.723870 0.234519 0.703751 0.234519
2 0.846633 0.330698 0.864706 0.330698 0.864706 0.347826 0.846633 0.347826
2 0.855499 0.386561 0.876300 0.386561 0.876300 0.403953 0.855499 0.403953
2 0.662148 0.405270 0.682609 0.405270 0.682609 0.421344 0.662148 0.421344
1 0.727280 0.539921 0.751833 0.539921 0.751833 0.552833 0.727280 0.552833
1 0.674802 0.577692 0.688986 0.577692 0.688986 0.590426 0.674802 0.590426
1 0.717981 0.609446 0.771589 0.609446 0.771589 0.625081 0.717981 0.625081
1 0.558824 0.637492 0.612432 0.637492 0.612432 0.652160 0.558824 0.652160
1 0.631414 0.660703 0.645807 0.660703 0.645807 0.672147 0.631414 0.672147
1 0.546417 0.768302 0.558216 0.768302 0.558216 0.779968 0.546417 0.779968
1 0.413399 0.775814 0.454067 0.775814 0.454067 0.788721 0.413399 0.788721
1 0.363834 0.846100 0.404139 0.846100 0.404139 0.858866 0.363834 0.858866
1 0.224519 0.845891 0.245716 0.845891 0.245716 0.858176 0.224519 0.858176
1 0.271683 0.846164 0.293411 0.846164 0.293411 0.857630 0.271683 0.857630
1 0.199611 0.785012 0.239180 0.785012 0.239180 0.796478 0.199611 0.796478
1 0.248366 0.719858 0.272146 0.719858 0.272146 0.732323 0.248366 0.732323
1 0.086360 0.752481 0.133191 0.752481 0.133191 0.764515 0.086360 0.764515
1 0.100000 0.655687 0.149901 0.655687 0.149901 0.668687 0.100000 0.668687
1 0.103296 0.572420 0.152401 0.572420 0.152401 0.584717 0.103296 0.584717
1 0.124325 0.547299 0.144672 0.547299 0.144672 0.558278 0.124325 0.558278
1 0.171447 0.296548 0.214564 0.296548 0.214564 0.309664 0.171447 0.309664
1 0.220222 0.272426 0.263145 0.272426 0.263145 0.284939 0.220222 0.284939
1 0.292020 0.292025 0.335528 0.292025 0.335528 0.305593 0.292020 0.305593
1 0.249878 0.379014 0.273290 0.379014 0.273290 0.390773 0.249878 0.390773
1 0.175739 0.405548 0.214955 0.405548 0.214955 0.417760 0.175739 0.417760
1 0.304897 0.403890 0.346064 0.403890 0.346064 0.417609 0.304897 0.417609
1 0.462489 0.367754 0.514066 0.367754 0.514066 0.381258 0.462489 0.381258
1 0.451194 0.417161 0.503836 0.417161 0.503836 0.430995 0.451194 0.430995
1 0.378122 0.540670 0.400619 0.540670 0.400619 0.553110 0.378122 0.553110
1 0.495769 0.508772 0.546749 0.508772 0.546749 0.522807 0.495769 0.522807
1 0.250167 0.575905 0.273888 0.575905 0.273888 0.588470 0.250167 0.588470
1 0.249785 0.644494 0.271975 0.644494 0.271975 0.656467 0.249785 0.656467
1 0.187316 0.242961 0.187316 0.223518 0.203106 0.223518 0.203106 0.242961
1 0.464164 0.255227 0.464164 0.235784 0.479955 0.235784 0.479955 0.255227
1 0.507801 0.297259 0.507801 0.277817 0.523592 0.277817 0.523592 0.297259
1 0.239415 0.326746 0.239415 0.316233 0.255876 0.316233 0.255876 0.326746
1 0.458983 0.499977 0.458983 0.480534 0.474774 0.480534 0.474774 0.499977
1 0.313296 0.482094 0.313296 0.470899 0.329472 0.470899 0.329472 0.482094
1 0.309670 0.496614 0.327699 0.509927 0.316986 0.518590 0.298957 0.505277
1 0.189510 0.509350 0.207630 0.494749 0.220732 0.504459 0.202612 0.519059
1 0.284688 0.561475 0.308667 0.561475 0.308667 0.574406 0.284688 0.574406
1 0.357874 0.576723 0.357874 0.559158 0.373111 0.559158 0.373111 0.576723
1 0.357590 0.630546 0.357590 0.612982 0.372826 0.612982 0.372826 0.630546
1 0.357555 0.665841 0.357555 0.648276 0.372791 0.648276 0.372791 0.665841
1 0.357520 0.701135 0.357520 0.683571 0.372756 0.683571 0.372756 0.701135
1 0.357984 0.737201 0.357984 0.719637 0.373221 0.719637 0.373221 0.737201
1 0.357200 0.773461 0.357200 0.755897 0.372437 0.755897 0.372437 0.773461
1 0.459076 0.828056 0.459076 0.810492 0.474312 0.810492 0.474312 0.828056
1 0.459515 0.675387 0.459515 0.657675 0.474107 0.657675 0.474107 0.675387
1 0.550078 0.564639 0.550078 0.554169 0.565014 0.554169 0.565014 0.564639
1 0.060816 0.526977 0.060733 0.508513 0.073721 0.508478 0.073805 0.526942
0 0.648235 0.117576 0.930588 0.117576 0.930588 0.489697 0.648235 0.489697
0 0.514902 0.442424 0.789412 0.442424 0.789412 0.843636 0.514902 0.843636
0 0.039608 0.401212 0.494510 0.401212 0.494510 0.867879 0.039608 0.867879
0 0.064706 0.180606 0.544706 0.180606 0.544706 0.393939 0.064706 0.393939