1 0.302139 0.131172 0.340806 0.131172 0.340806 0.145794 0.302139 0.145794
1 0.309804 0.330952 0.335014 0.330952 0.335014 0.345238 0.309804 0.345238
1 0.309804 0.352597 0.335854 0.352597 0.335854 0.367316 0.309804 0.367316
1 0.099160 0.365801 0.152661 0.365801 0.152661 0.380087 0.099160 0.380087
1 0.495409 0.364671 0.548015 0.364671 0.548015 0.379305 0.495409 0.379305
1 0.589527 0.382114 0.629507 0.382114 0.629507 0.394678 0.589527 0.394678
1 0.733190 0.355506 0.758441 0.355506 0.758441 0.369845 0.733190 0.369845
1 0.830368 0.502439 0.885462 0.502439 0.885462 0.516038 0.830368 0.516038
1 0.733247 0.545211 0.757501 0.545211 0.757501 0.557746 0.733247 0.557746
1 0.582211 0.515273 0.621742 0.515273 0.621742 0.527808 0.582211 0.527808
2 0.429153 0.577187 0.457640 0.577187 0.457640 0.599771 0.429153 0.599771
2 0.446541 0.630932 0.472068 0.630932 0.472068 0.655232 0.446541 0.655232
2 0.517943 0.784448 0.542730 0.784448 0.542730 0.804460 0.517943 0.804460
2 0.628561 0.776730 0.650758 0.776730 0.650758 0.799314 0.628561 0.799314
1 0.603350 0.473169 0.603350 0.453441 0.621119 0.453441 0.621119 0.473169
1 0.844395 0.472879 0.844395 0.453150 0.862165 0.453150 0.862165 0.472879
0 0.285766 0.563412 0.715686 0.563412 0.715686 0.852974 0.285766 0.852974
0 0.573348 0.345679 0.904503 0.345679 0.904503 0.571268 0.573348 0.571268
0 0.079521 0.320988 0.554466 0.320988 0.554466 0.543210 0.079521 0.543210
0 0.089688 0.116723 0.542847 0.116723 0.542847 0.316498 0.089688 0.316498