1 0.401961 0.230087 0.437255 0.230087 0.437255 0.247619 0.401961 0.247619
1 0.366387 0.283333 0.416527 0.283333 0.416527 0.303030 0.366387 0.303030
1 0.359664 0.348485 0.383193 0.348485 0.383193 0.376190 0.359664 0.376190
2 0.299318 0.449539 0.327962 0.449539 0.327962 0.486430 0.299318 0.486430
2 0.227639 0.515152 0.266317 0.515152 0.266317 0.550851 0.227639 0.550851
1 0.321698 0.529970 0.368455 0.529970 0.368455 0.546454 0.321698 0.546454
2 0.515622 0.630869 0.550959 0.630869 0.550959 0.663503 0.515622 0.663503
2 0.632146 0.500854 0.668324 0.500854 0.668324 0.533504 0.632146 0.533504
2 0.758354 0.420188 0.790666 0.420188 0.790666 0.453692 0.758354 0.453692
1 0.855841 0.420188 0.872135 0.420188 0.872135 0.437047 0.855841 0.437047
2 0.755793 0.601732 0.794245 0.601732 0.794245 0.635970 0.755793 0.635970
1 0.438757 0.743211 0.507003 0.743211 0.507003 0.761118 0.438757 0.761118
1 0.283422 0.664699 0.330023 0.664699 0.330023 0.681818 0.283422 0.681818
1 0.075199 0.475358 0.092868 0.475358 0.092868 0.492341 0.075199 0.492341
1 0.767732 0.518519 0.767732 0.461654 0.792423 0.461654 0.792423 0.518519
0 0.053725 0.213333 0.891373 0.213333 0.891373 0.780606 0.053725 0.780606