1 0.440060 0.365938 0.455696 0.365938 0.455696 0.380514 0.440060 0.380514
1 0.478282 0.402570 0.517498 0.402570 0.517498 0.418105 0.478282 0.418105
2 0.653264 0.465094 0.676843 0.465094 0.676843 0.486958 0.653264 0.486958
2 0.707620 0.409474 0.732192 0.409474 0.732192 0.432873 0.707620 0.432873
1 0.716555 0.549099 0.758749 0.549099 0.758749 0.565784 0.716555 0.565784
1 0.735666 0.584196 0.764954 0.584196 0.764954 0.599156 0.735666 0.599156
1 0.589676 0.575470 0.630564 0.575470 0.630564 0.592273 0.589676 0.592273
1 0.707815 0.627074 0.737012 0.627074 0.737012 0.643221 0.707815 0.643221
1 0.308330 0.556572 0.347314 0.556572 0.347314 0.570916 0.308330 0.570916
2 0.353811 0.464049 0.376088 0.464049 0.376088 0.484848 0.353811 0.484848
2 0.397436 0.467994 0.422033 0.467994 0.422033 0.489510 0.397436 0.489510
2 0.451735 0.471759 0.473779 0.471759 0.473779 0.492738 0.451735 0.492738
2 0.448022 0.496862 0.472155 0.496862 0.472155 0.517303 0.448022 0.517303
2 0.521116 0.526986 0.547569 0.526986 0.547569 0.548503 0.521116 0.548503
1 0.144199 0.627210 0.167075 0.627210 0.167075 0.649937 0.144199 0.649937
1 0.168231 0.586406 0.210334 0.566858 0.221351 0.581026 0.179248 0.600574
1 0.066223 0.488851 0.066223 0.457514 0.087078 0.457514 0.087078 0.488851
1 0.546251 0.527615 0.559136 0.505252 0.580593 0.512634 0.567708 0.534997
1 0.538438 0.561845 0.563667 0.539418 0.580245 0.550554 0.555016 0.572981
1 0.555548 0.570730 0.585852 0.552435 0.599376 0.565810 0.569072 0.584105
1 0.833131 0.639953 0.846369 0.646853 0.835377 0.659446 0.822138 0.652546
0 0.049020 0.233446 0.775236 0.233446 0.775236 0.748597 0.049020 0.748597
0 0.783951 0.562290 0.936456 0.562290 0.936456 0.683502 0.783951 0.683502