1 0.265559 0.030593 0.303406 0.030593 0.303406 0.058978 0.265559 0.058978
1 0.251892 0.073696 0.270816 0.073696 0.270816 0.103133 0.251892 0.103133
1 0.266551 0.426829 0.303136 0.426829 0.303136 0.455865 0.266551 0.455865
1 0.731707 0.465738 0.767131 0.465738 0.767131 0.492451 0.731707 0.492451
1 0.801009 0.784741 0.819456 0.784741 0.819456 0.809976 0.801009 0.809976
1 0.494756 0.653846 0.494756 0.618962 0.519476 0.618962 0.519476 0.653846
1 0.058779 0.621485 0.058779 0.586600 0.083499 0.586600 0.083499 0.621485
1 0.058598 0.716628 0.058598 0.699386 0.084613 0.699386 0.084613 0.716628
0 0.147531 0.021614 0.448939 0.021614 0.448939 0.479675 0.147531 0.479675
0 0.051358 0.535197 0.554035 0.535197 0.554035 0.736466 0.051358 0.736466
0 0.613524 0.459845 0.909974 0.459845 0.909974 0.845528 0.613524 0.845528