2 0.493668 0.620423 0.514910 0.620423 0.514910 0.640941 0.493668 0.640941
2 0.496936 0.682607 0.515931 0.682607 0.515931 0.702494 0.496936 0.702494
2 0.403673 0.758538 0.428260 0.758538 0.428260 0.780664 0.403673 0.780664
2 0.596950 0.787398 0.620915 0.787398 0.620915 0.810005 0.596950 0.810005
1 0.270866 0.141995 0.292903 0.141995 0.292903 0.154867 0.270866 0.154867
1 0.272081 0.163985 0.293077 0.163985 0.293077 0.176321 0.272081 0.176321
1 0.344612 0.163583 0.356412 0.163583 0.356412 0.175784 0.344612 0.175784
1 0.271287 0.333748 0.291969 0.333748 0.291969 0.345164 0.271287 0.345164
1 0.163309 0.411374 0.236637 0.411374 0.236637 0.423827 0.163309 0.423827
1 0.276659 0.421752 0.287940 0.421752 0.287940 0.433375 0.276659 0.433375
1 0.325544 0.423827 0.395917 0.423827 0.395917 0.436696 0.325544 0.436696
1 0.454825 0.453060 0.519223 0.453060 0.519223 0.465686 0.454825 0.465686
1 0.684874 0.439935 0.757236 0.439935 0.757236 0.453463 0.684874 0.453463
1 0.719888 0.417569 0.757003 0.417569 0.757003 0.430014 0.719888 0.430014
1 0.795518 0.415224 0.807190 0.415224 0.807190 0.428030 0.795518 0.428030
1 0.847572 0.432540 0.914799 0.432540 0.914799 0.446789 0.847572 0.446789
1 0.204427 0.194460 0.228844 0.200957 0.223280 0.213444 0.198863 0.206947
1 0.335714 0.197606 0.358723 0.188547 0.366482 0.200314 0.343473 0.209373
1 0.466402 0.236595 0.476991 0.260359 0.458663 0.265235 0.448074 0.241472
1 0.320579 0.297019 0.345126 0.313507 0.332409 0.324812 0.307862 0.308323
1 0.220805 0.322592 0.244898 0.301175 0.260014 0.311329 0.235921 0.332746
1 0.387755 0.357452 0.387755 0.326903 0.408103 0.326903 0.408103 0.357452
1 0.314926 0.422709 0.314926 0.409709 0.331288 0.409709 0.331288 0.422709
1 0.437880 0.504480 0.437880 0.491480 0.454243 0.491480 0.454243 0.504480
1 0.473158 0.512209 0.473158 0.495287 0.489628 0.495287 0.489628 0.512209
1 0.719700 0.492007 0.719700 0.481569 0.735997 0.481569 0.735997 0.492007
1 0.815115 0.506562 0.815115 0.496711 0.832171 0.496711 0.832171 0.506562
1 0.091667 0.262500 0.101453 0.236128 0.120980 0.240454 0.111193 0.266827
0 0.077731 0.134199 0.500700 0.134199 0.500700 0.444805 0.077731 0.444805
0 0.128151 0.471861 0.467087 0.471861 0.467087 0.537879 0.128151 0.537879
0 0.446078 0.410173 0.929272 0.410173 0.929272 0.538961 0.446078 0.538961
0 0.269608 0.585498 0.738796 0.585498 0.738796 0.841991 0.269608 0.841991