1 0.132353 0.244318 0.157353 0.244318 0.157353 0.259848 0.132353 0.259848
1 0.269608 0.464394 0.308333 0.464394 0.308333 0.480682 0.269608 0.480682
1 0.415686 0.398106 0.440686 0.398106 0.440686 0.411742 0.415686 0.411742
2 0.505392 0.337121 0.532843 0.337121 0.532843 0.360985 0.505392 0.360985
2 0.654902 0.459848 0.682843 0.459848 0.682843 0.485606 0.654902 0.485606
2 0.731863 0.337879 0.754902 0.337879 0.754902 0.360227 0.731863 0.360227
2 0.901471 0.354545 0.922059 0.354545 0.922059 0.377273 0.901471 0.377273
1 0.407622 0.699531 0.420602 0.699531 0.420602 0.714042 0.407622 0.714042
1 0.072487 0.374851 0.072487 0.353496 0.089316 0.353496 0.089316 0.374851
1 0.461796 0.310449 0.461796 0.289094 0.478625 0.289094 0.478625 0.310449
1 0.311288 0.375517 0.318905 0.396045 0.302728 0.399630 0.295111 0.379102
1 0.394890 0.407867 0.398268 0.432704 0.378221 0.434332 0.374842 0.409495
1 0.275010 0.573857 0.284706 0.601818 0.263118 0.606288 0.253422 0.578327
1 0.287415 0.602027 0.296478 0.573940 0.318164 0.578118 0.309101 0.606205
1 0.462480 0.698444 0.462480 0.678478 0.478899 0.678478 0.478899 0.698444
0 0.580392 0.563636 0.810784 0.563636 0.810784 0.760606 0.580392 0.760606
0 0.489216 0.250000 0.930392 0.250000 0.930392 0.540909 0.489216 0.540909
0 0.065686 0.237121 0.486275 0.237121 0.486275 0.493182 0.065686 0.493182
0 0.101961 0.532576 0.491176 0.532576 0.491176 0.761364 0.101961 0.761364