2 0.655807 0.359674 0.691403 0.359674 0.691403 0.388345 0.655807 0.388345
2 0.806335 0.499767 0.835897 0.499767 0.835897 0.527273 0.806335 0.527273
2 0.555354 0.674592 0.581599 0.674592 0.581599 0.700932 0.555354 0.700932
2 0.589140 0.765967 0.619306 0.765967 0.619306 0.794172 0.589140 0.794172
1 0.149237 0.256478 0.183528 0.256478 0.183528 0.269214 0.149237 0.269214
1 0.295112 0.362319 0.327508 0.362319 0.327508 0.374616 0.295112 0.374616
1 0.296817 0.331723 0.340011 0.331723 0.340011 0.344752 0.296817 0.344752
1 0.401771 0.415313 0.447239 0.415313 0.447239 0.428049 0.401771 0.428049
1 0.108927 0.449937 0.143987 0.449937 0.143987 0.462366 0.108927 0.462366
1 0.156097 0.614284 0.176944 0.614284 0.176944 0.626676 0.156097 0.626676
1 0.192515 0.368516 0.200747 0.392256 0.185527 0.395407 0.177295 0.371668
1 0.360722 0.421356 0.374150 0.389421 0.392054 0.393916 0.378625 0.425852
1 0.355653 0.495193 0.392036 0.501684 0.388214 0.514474 0.351832 0.507983
1 0.483860 0.495864 0.506332 0.518907 0.492765 0.526807 0.470293 0.503764
0 0.094474 0.185950 0.896613 0.185950 0.896613 0.805785 0.094474 0.805785