1 0.294623 0.366136 0.334647 0.366136 0.334647 0.380818 0.294623 0.380818
1 0.267940 0.406748 0.312007 0.406748 0.312007 0.422993 0.267940 0.422993
1 0.240044 0.427991 0.266727 0.427991 0.266727 0.440800 0.240044 0.440800
1 0.106226 0.437051 0.136143 0.437051 0.136143 0.451421 0.106226 0.451421
1 0.113907 0.464542 0.139782 0.464542 0.139782 0.477976 0.113907 0.477976
2 0.189509 0.539831 0.212149 0.539831 0.212149 0.561699 0.189509 0.561699
1 0.245704 0.575758 0.272387 0.575758 0.272387 0.589191 0.245704 0.589191
2 0.285324 0.572321 0.301900 0.572321 0.301900 0.592315 0.285324 0.592315
1 0.355266 0.571696 0.370224 0.571696 0.370224 0.587004 0.355266 0.587004
2 0.381544 0.578882 0.403376 0.578882 0.403376 0.597938 0.381544 0.597938
1 0.453103 0.561387 0.465636 0.561387 0.465636 0.576695 0.453103 0.576695
1 0.319689 0.617932 0.348797 0.617932 0.348797 0.633552 0.319689 0.633552
1 0.456741 0.508591 0.496766 0.508591 0.496766 0.522649 0.456741 0.522649
2 0.586921 0.505467 0.612796 0.505467 0.612796 0.525461 0.586921 0.525461
2 0.647968 0.519213 0.673438 0.519213 0.673438 0.541706 0.647968 0.541706
2 0.702951 0.549516 0.725591 0.549516 0.725591 0.568572 0.702951 0.568572
1 0.582879 0.582943 0.622498 0.582943 0.622498 0.598875 0.582879 0.598875
1 0.610774 0.600125 0.655650 0.600125 0.655650 0.612621 0.610774 0.612621
1 0.582474 0.617619 0.611583 0.617619 0.611583 0.631053 0.582474 0.631053
1 0.687993 0.616057 0.704568 0.616057 0.704568 0.630740 0.687993 0.630740
1 0.734890 0.616995 0.765211 0.616995 0.765211 0.630740 0.734890 0.630740
1 0.836365 0.596064 0.881645 0.596064 0.881645 0.611059 0.836365 0.611059
1 0.844855 0.623555 0.890540 0.623555 0.890540 0.638238 0.844855 0.638238
2 0.834748 0.496720 0.856984 0.496720 0.856984 0.517026 0.834748 0.517026
1 0.753891 0.462668 0.783808 0.462668 0.783808 0.477038 0.753891 0.477038
1 0.707398 0.377070 0.722357 0.377070 0.722357 0.390815 0.707398 0.390815
1 0.776531 0.352390 0.802810 0.352390 0.802810 0.367385 0.776531 0.367385
1 0.769254 0.384567 0.786638 0.384567 0.786638 0.399250 0.769254 0.399250
1 0.653224 0.321150 0.681524 0.321150 0.681524 0.337082 0.653224 0.337082
1 0.070684 0.461962 0.070684 0.442784 0.087275 0.442784 0.087275 0.461962
1 0.072094 0.564768 0.072094 0.545590 0.088685 0.545590 0.088685 0.564768
1 0.239810 0.543946 0.243976 0.534037 0.260603 0.538211 0.256436 0.548120
1 0.333132 0.446845 0.334775 0.457186 0.317423 0.458832 0.315780 0.448491
1 0.480969 0.435651 0.490120 0.409259 0.508053 0.412972 0.498901 0.439364
1 0.472593 0.465453 0.497347 0.471301 0.492631 0.483220 0.467877 0.477372
1 0.576631 0.455972 0.582888 0.466341 0.568627 0.471480 0.562370 0.461111
1 0.607046 0.479409 0.647290 0.466845 0.654770 0.481152 0.614526 0.493716
1 0.540996 0.394196 0.564369 0.386899 0.571755 0.401026 0.548383 0.408323
1 0.579032 0.411037 0.602404 0.403740 0.609790 0.417867 0.586418 0.425164
1 0.625187 0.368518 0.657457 0.377104 0.651966 0.389427 0.619696 0.380841
1 0.740246 0.433425 0.740246 0.420583 0.758723 0.420583 0.758723 0.433425
1 0.868200 0.432819 0.868200 0.419977 0.886677 0.419977 0.886677 0.432819
1 0.834126 0.490970 0.834126 0.465590 0.854995 0.465590 0.854995 0.490970
1 0.865427 0.514852 0.865427 0.489472 0.886296 0.489472 0.886296 0.514852
1 0.900689 0.516082 0.900689 0.490702 0.921559 0.490702 0.921559 0.516082
1 0.742622 0.581267 0.742622 0.567225 0.761527 0.567225 0.761527 0.581267
0 0.058123 0.307359 0.950280 0.307359 0.950280 0.654762 0.058123 0.654762