1 0.222938 0.374933 0.257745 0.374933 0.257745 0.389457 0.222938 0.389457
2 0.232684 0.414560 0.254496 0.414560 0.254496 0.433208 0.232684 0.433208
2 0.175832 0.602833 0.197877 0.602833 0.197877 0.623095 0.175832 0.623095
1 0.576701 0.429055 0.604152 0.429055 0.604152 0.443137 0.576701 0.443137
1 0.673186 0.380612 0.708911 0.380612 0.708911 0.394415 0.673186 0.394415
1 0.741351 0.392194 0.765989 0.392194 0.765989 0.406632 0.741351 0.406632
2 0.756750 0.432175 0.774407 0.432175 0.774407 0.453752 0.756750 0.453752
1 0.745047 0.523719 0.781799 0.523719 0.781799 0.537680 0.745047 0.537680
2 0.628891 0.544018 0.652309 0.544018 0.652309 0.566423 0.628891 0.566423
2 0.739662 0.584231 0.760106 0.584231 0.760106 0.603906 0.739662 0.603906
1 0.769585 0.601465 0.805641 0.601465 0.805641 0.616975 0.769585 0.616975
1 0.664576 0.602757 0.703606 0.602757 0.703606 0.617837 0.664576 0.617837
1 0.884548 0.398462 0.917520 0.398462 0.917520 0.412935 0.884548 0.412935
1 0.909131 0.418061 0.941518 0.418061 0.941518 0.433439 0.909131 0.433439
1 0.060497 0.506282 0.066841 0.485049 0.084442 0.488188 0.078098 0.509422
0 0.044118 0.353896 0.965686 0.353896 0.965686 0.640693 0.044118 0.640693