1 0.205334 0.121424 0.229192 0.121424 0.229192 0.133291 0.205334 0.133291
1 0.502879 0.134139 0.527012 0.134139 0.527012 0.145582 0.502879 0.145582
1 0.532771 0.133079 0.554162 0.133079 0.554162 0.145370 0.532771 0.145370
1 0.493281 0.185633 0.517414 0.185633 0.517414 0.197923 0.493281 0.197923
1 0.523996 0.189659 0.547854 0.189659 0.547854 0.201950 0.523996 0.201950
1 0.501783 0.212969 0.524544 0.212969 0.524544 0.225260 0.501783 0.225260
1 0.531400 0.212121 0.554436 0.212121 0.554436 0.224624 0.531400 0.224624
1 0.494070 0.266371 0.517025 0.266371 0.517025 0.279527 0.494070 0.279527
1 0.541129 0.267849 0.562936 0.267849 0.562936 0.279379 0.541129 0.279379
1 0.203669 0.280547 0.229812 0.280547 0.229812 0.293418 0.203669 0.293418
1 0.220484 0.334784 0.266792 0.334784 0.266792 0.348162 0.220484 0.348162
1 0.475670 0.322449 0.507203 0.322449 0.507203 0.334694 0.475670 0.334694
1 0.694497 0.372597 0.732237 0.372597 0.732237 0.386282 0.694497 0.386282
1 0.718111 0.413164 0.756062 0.413164 0.756062 0.425383 0.718111 0.425383
1 0.724401 0.474016 0.768353 0.474016 0.768353 0.486605 0.724401 0.486605
1 0.705835 0.507246 0.743535 0.507246 0.743535 0.519250 0.705835 0.519250
1 0.655631 0.526131 0.693521 0.526131 0.693521 0.538721 0.655631 0.538721
1 0.216380 0.532046 0.252126 0.532046 0.252126 0.543711 0.216380 0.543711
1 0.267569 0.556315 0.304355 0.556315 0.304355 0.568919 0.267569 0.568919
2 0.357466 0.723443 0.378798 0.723443 0.378798 0.738428 0.357466 0.738428
2 0.550097 0.683983 0.565611 0.683983 0.565611 0.698135 0.550097 0.698135
2 0.612153 0.712787 0.630037 0.712787 0.630037 0.728605 0.612153 0.728605
1 0.191305 0.220530 0.191305 0.200495 0.208815 0.200495 0.208815 0.220530
1 0.708657 0.184248 0.708657 0.167847 0.725675 0.167847 0.725675 0.184248
1 0.708243 0.223236 0.708243 0.206835 0.725261 0.206835 0.725261 0.223236
1 0.738535 0.222773 0.738535 0.206372 0.755553 0.206372 0.755553 0.222773
1 0.709212 0.262722 0.709212 0.247647 0.725727 0.247647 0.725727 0.262722
1 0.496732 0.383440 0.502677 0.357385 0.520953 0.359875 0.515007 0.385930
1 0.540358 0.524630 0.543342 0.550986 0.524856 0.552236 0.521871 0.525880
0 0.175770 0.110390 0.773810 0.110390 0.773810 0.299784 0.175770 0.299784
0 0.189776 0.311688 0.779412 0.311688 0.779412 0.577922 0.189776 0.577922
0 0.250000 0.569264 0.744398 0.569264 0.744398 0.870130 0.250000 0.870130