1 0.277128 0.318737 0.304845 0.318737 0.304845 0.328098 0.277128 0.328098
1 0.205677 0.348247 0.243661 0.348247 0.243661 0.358401 0.205677 0.358401
1 0.159686 0.333651 0.184940 0.333651 0.184940 0.344281 0.159686 0.344281
1 0.187198 0.521656 0.213068 0.521656 0.213068 0.530858 0.187198 0.530858
1 0.370547 0.521180 0.396417 0.521180 0.396417 0.530858 0.370547 0.530858
1 0.278154 0.571950 0.305461 0.571950 0.305461 0.581786 0.278154 0.581786
1 0.339657 0.349830 0.379800 0.349830 0.379800 0.359871 0.339657 0.359871
1 0.459160 0.350009 0.487005 0.350009 0.487005 0.360050 0.459160 0.360050
1 0.528990 0.520039 0.565887 0.520039 0.565887 0.530140 0.528990 0.530140
1 0.516762 0.537309 0.554712 0.537309 0.554712 0.547247 0.516762 0.547247
1 0.574953 0.514174 0.613747 0.514174 0.613747 0.524601 0.574953 0.524601
1 0.062189 0.765114 0.078578 0.765114 0.078578 0.775064 0.062189 0.775064
1 0.087162 0.761797 0.103551 0.761797 0.103551 0.774009 0.087162 0.774009
1 0.485415 0.763248 0.502994 0.763248 0.502994 0.771906 0.485415 0.771906
1 0.512460 0.766980 0.531006 0.766980 0.531006 0.775340 0.512460 0.775340
1 0.704821 0.564563 0.716561 0.564563 0.716561 0.574406 0.704821 0.574406
1 0.730798 0.546999 0.753778 0.546999 0.753778 0.556070 0.730798 0.556070
1 0.767766 0.563405 0.781504 0.563405 0.781504 0.574213 0.767766 0.574213
1 0.174740 0.422683 0.174740 0.409036 0.187108 0.409036 0.187108 0.422683
1 0.246332 0.389768 0.246332 0.376122 0.258700 0.376122 0.258700 0.389768
1 0.385233 0.465528 0.405662 0.454059 0.413275 0.462156 0.392846 0.473625
1 0.442602 0.442281 0.471238 0.432888 0.475940 0.441447 0.447303 0.450840
1 0.481994 0.412451 0.481994 0.398874 0.494704 0.398874 0.494704 0.412451
1 0.530802 0.404417 0.530802 0.390839 0.543511 0.390839 0.543511 0.404417
1 0.530780 0.452980 0.530780 0.439402 0.543490 0.439402 0.543490 0.452980
1 0.552491 0.455607 0.552491 0.437381 0.565442 0.437381 0.565442 0.455607
1 0.331498 0.626705 0.348386 0.604102 0.359712 0.609155 0.342824 0.631758
1 0.228035 0.671844 0.260502 0.679038 0.256897 0.688752 0.224430 0.681558
1 0.188954 0.754561 0.212417 0.735786 0.221825 0.742806 0.198362 0.761581
1 0.333213 0.712183 0.356185 0.728736 0.347992 0.735526 0.325020 0.718973
1 0.347562 0.827996 0.347278 0.815405 0.361474 0.815214 0.361758 0.827804
1 0.088047 0.677800 0.088047 0.655558 0.099117 0.655558 0.099117 0.677800
1 0.088641 0.726667 0.088641 0.704425 0.099710 0.704425 0.099710 0.726667
1 0.588403 0.746827 0.587971 0.727699 0.601743 0.727513 0.602175 0.746641
1 0.612924 0.774970 0.612492 0.755842 0.626264 0.755656 0.626696 0.774784
1 0.561653 0.823911 0.561154 0.801831 0.575672 0.801635 0.576170 0.823715
1 0.537655 0.839590 0.537323 0.824892 0.551670 0.824698 0.552002 0.839396
1 0.850395 0.718006 0.849963 0.698878 0.863734 0.698692 0.864166 0.717821
1 0.817762 0.665107 0.817560 0.656146 0.830366 0.655974 0.830569 0.664934
1 0.835063 0.643939 0.834822 0.633264 0.848037 0.633086 0.848278 0.643761
2 0.775470 0.174521 0.787155 0.174521 0.787155 0.186024 0.775470 0.186024
2 0.702641 0.213605 0.713525 0.213605 0.713525 0.225108 0.702641 0.225108
2 0.829412 0.295455 0.842157 0.295455 0.842157 0.306818 0.829412 0.306818
2 0.615572 0.335435 0.628167 0.335435 0.628167 0.346826 0.615572 0.346826
2 0.657775 0.398696 0.671911 0.398696 0.671911 0.409619 0.657775 0.409619
2 0.926780 0.377286 0.939145 0.377286 0.939145 0.389662 0.926780 0.389662
0 0.052521 0.308442 0.621148 0.308442 0.621148 0.557359 0.052521 0.557359
0 0.531513 0.148268 0.957283 0.148268 0.957283 0.472944 0.531513 0.472944
0 0.042717 0.563853 0.611345 0.563853 0.611345 0.861472 0.042717 0.861472
0 0.615546 0.538961 0.876050 0.538961 0.876050 0.850649 0.615546 0.850649