1 0.445280 0.294339 0.488752 0.294339 0.488752 0.310782 0.445280 0.310782
1 0.618255 0.321118 0.664159 0.321118 0.664159 0.337562 0.618255 0.337562
1 0.768126 0.295748 0.799742 0.295748 0.799742 0.311017 0.768126 0.311017
1 0.729518 0.381254 0.771774 0.381254 0.771774 0.398638 0.729518 0.398638
2 0.846861 0.369274 0.877565 0.369274 0.877565 0.396288 0.846861 0.396288
1 0.906749 0.319239 0.937756 0.319239 0.937756 0.335213 0.906749 0.335213
1 0.394282 0.416614 0.423900 0.416614 0.423900 0.432295 0.394282 0.432295
2 0.326546 0.472134 0.362471 0.472134 0.362471 0.500742 0.326546 0.500742
2 0.191622 0.474041 0.219594 0.474041 0.219594 0.503073 0.191622 0.503073
1 0.092784 0.574061 0.137020 0.574061 0.137020 0.590061 0.092784 0.590061
1 0.294824 0.600000 0.326510 0.600000 0.326510 0.615273 0.294824 0.615273
2 0.331843 0.589818 0.367294 0.589818 0.367294 0.619879 0.331843 0.619879
2 0.602588 0.547636 0.631451 0.547636 0.631451 0.577212 0.602588 0.577212
2 0.783737 0.525401 0.816609 0.525401 0.816609 0.552807 0.783737 0.552807
1 0.668685 0.474376 0.710496 0.474376 0.710496 0.490196 0.668685 0.490196
1 0.763841 0.352496 0.773074 0.318930 0.795272 0.322576 0.786039 0.356142
1 0.894175 0.412879 0.894175 0.386394 0.913533 0.386394 0.913533 0.412879
1 0.893391 0.490096 0.893391 0.463612 0.912749 0.463612 0.912749 0.490096
1 0.854401 0.479913 0.881983 0.504431 0.866924 0.514546 0.839343 0.490029
1 0.744638 0.427639 0.784389 0.438215 0.777893 0.452794 0.738142 0.442217
1 0.666738 0.548730 0.704197 0.533982 0.713255 0.547720 0.675796 0.562468
1 0.511043 0.536050 0.511043 0.512915 0.531508 0.512915 0.531508 0.536050
1 0.506741 0.549091 0.533875 0.558869 0.525227 0.573200 0.498092 0.563423
1 0.478842 0.467799 0.500379 0.451728 0.514595 0.463103 0.493058 0.479174
1 0.403937 0.482351 0.427205 0.467791 0.440083 0.480080 0.416816 0.494640
1 0.359608 0.533974 0.359608 0.510839 0.380072 0.510839 0.380072 0.533974
1 0.436615 0.536987 0.458151 0.553058 0.443935 0.564434 0.422399 0.548363
1 0.286568 0.538837 0.286568 0.508143 0.308069 0.508143 0.308069 0.538837
1 0.197769 0.580286 0.210189 0.546814 0.233009 0.551871 0.220589 0.585342
1 0.065535 0.540181 0.064796 0.507489 0.087295 0.507185 0.088033 0.539877
1 0.116959 0.441894 0.160908 0.411316 0.175282 0.423652 0.131333 0.454230
2 0.081928 0.435474 0.114013 0.435474 0.114013 0.465777 0.081928 0.465777
0 0.047451 0.282424 0.957255 0.282424 0.957255 0.713939 0.047451 0.713939