1 0.170752 0.202652 0.226103 0.202652 0.226103 0.217803 0.170752 0.217803
1 0.392565 0.208491 0.417075 0.208491 0.417075 0.221433 0.392565 0.221433
2 0.173730 0.292929 0.200928 0.292929 0.200928 0.312480 0.173730 0.312480
1 0.102678 0.301727 0.137677 0.301727 0.137677 0.313946 0.102678 0.313946
2 0.286317 0.327305 0.310352 0.327305 0.310352 0.349137 0.286317 0.349137
1 0.235815 0.558044 0.252865 0.558044 0.252865 0.574294 0.235815 0.574294
1 0.210429 0.587030 0.233542 0.587030 0.233542 0.598448 0.210429 0.598448
1 0.300417 0.586298 0.322203 0.586298 0.322203 0.598887 0.300417 0.598887
1 0.306425 0.702934 0.330413 0.702934 0.330413 0.715345 0.306425 0.715345
1 0.550693 0.750924 0.570397 0.750924 0.570397 0.771175 0.550693 0.771175
1 0.728661 0.650234 0.783875 0.650234 0.783875 0.663953 0.728661 0.663953
1 0.761633 0.693653 0.816262 0.693653 0.816262 0.707825 0.761633 0.707825
1 0.805659 0.322593 0.842144 0.322593 0.842144 0.336210 0.805659 0.336210
1 0.826508 0.339279 0.881608 0.339279 0.881608 0.353663 0.826508 0.353663
1 0.802916 0.480445 0.839115 0.480445 0.839115 0.492359 0.802916 0.492359
1 0.796213 0.505828 0.839785 0.505828 0.839785 0.518130 0.796213 0.518130
2 0.757667 0.516447 0.781632 0.516447 0.781632 0.536778 0.757667 0.536778
2 0.607843 0.526042 0.627655 0.526042 0.627655 0.546086 0.607843 0.546086
2 0.637051 0.541035 0.657884 0.541035 0.657884 0.562027 0.637051 0.562027
1 0.065978 0.447174 0.065978 0.419328 0.085409 0.419328 0.085409 0.447174
1 0.100247 0.391209 0.100247 0.367398 0.119247 0.367398 0.119247 0.391209
1 0.097774 0.346710 0.097774 0.329118 0.117757 0.329118 0.117757 0.346710
1 0.328788 0.463929 0.341737 0.449639 0.354249 0.456409 0.341300 0.470699
1 0.355133 0.390631 0.368081 0.404921 0.355569 0.411691 0.342620 0.397401
1 0.398930 0.407989 0.406373 0.393007 0.421713 0.397557 0.414271 0.412539
1 0.739927 0.341325 0.757035 0.318427 0.771932 0.325073 0.754824 0.347971
1 0.874116 0.447233 0.874116 0.420793 0.891317 0.420793 0.891317 0.447233
1 0.807407 0.448261 0.834370 0.438099 0.842750 0.451376 0.815787 0.461538
1 0.112089 0.733835 0.112089 0.715499 0.127076 0.715499 0.127076 0.733835
1 0.109841 0.698101 0.109841 0.675738 0.127291 0.675738 0.127291 0.698101
1 0.112339 0.664682 0.112339 0.652770 0.128255 0.652770 0.128255 0.664682
1 0.231450 0.652110 0.231450 0.640197 0.247366 0.640197 0.247366 0.652110
1 0.499865 0.692420 0.535435 0.725060 0.523073 0.733104 0.487503 0.700464
0 0.103486 0.636364 0.581917 0.636364 0.581917 0.779125 0.103486 0.779125
0 0.618519 0.632323 0.908715 0.632323 0.908715 0.791246 0.618519 0.791246
0 0.049673 0.192929 0.921569 0.192929 0.921569 0.624242 0.049673 0.624242