2 0.642534 0.149184 0.667572 0.149184 0.667572 0.173893 0.642534 0.173893
2 0.833429 0.381079 0.861549 0.381079 0.861549 0.406061 0.833429 0.406061
2 0.595371 0.403084 0.620896 0.403084 0.620896 0.426932 0.595371 0.426932
2 0.658023 0.479828 0.685404 0.479828 0.685404 0.504752 0.658023 0.504752
1 0.422529 0.358071 0.448139 0.358071 0.448139 0.372542 0.422529 0.372542
1 0.396919 0.422016 0.422689 0.422016 0.422689 0.435745 0.396919 0.435745
1 0.241817 0.426840 0.268387 0.426840 0.268387 0.440940 0.241817 0.440940
1 0.293887 0.483957 0.319493 0.483957 0.319493 0.497504 0.293887 0.497504
1 0.295040 0.510695 0.321799 0.510695 0.321799 0.525134 0.295040 0.525134
1 0.204614 0.512121 0.227912 0.512121 0.227912 0.526025 0.204614 0.526025
1 0.153633 0.550267 0.180623 0.550267 0.180623 0.564171 0.153633 0.564171
1 0.138506 0.622502 0.178348 0.622502 0.178348 0.636202 0.138506 0.636202
1 0.133083 0.724855 0.170839 0.724855 0.170839 0.738395 0.133083 0.738395
1 0.138609 0.775322 0.177608 0.775322 0.177608 0.789888 0.138609 0.789888
1 0.455182 0.784663 0.492637 0.784663 0.492637 0.798516 0.455182 0.798516
1 0.736874 0.511848 0.763265 0.511848 0.763265 0.526784 0.736874 0.526784
1 0.689481 0.512997 0.714199 0.512997 0.714199 0.526066 0.689481 0.526066
1 0.652867 0.557949 0.678329 0.557949 0.678329 0.571162 0.652867 0.571162
1 0.843137 0.720150 0.855371 0.720150 0.855371 0.734266 0.843137 0.734266
1 0.439988 0.300735 0.439988 0.279798 0.456863 0.279798 0.456863 0.300735
1 0.482460 0.336309 0.482460 0.315372 0.499335 0.315372 0.499335 0.336309
1 0.441577 0.518862 0.467027 0.518862 0.467027 0.532962 0.441577 0.532962
1 0.430383 0.583631 0.430383 0.562695 0.447258 0.562695 0.447258 0.583631
1 0.430027 0.652573 0.430027 0.631636 0.446902 0.631636 0.446902 0.652573
1 0.803318 0.558508 0.831976 0.558508 0.831976 0.573660 0.803318 0.573660
1 0.845490 0.689091 0.845490 0.659998 0.861064 0.659998 0.861064 0.689091
0 0.573529 0.506818 0.886275 0.506818 0.886275 0.806061 0.573529 0.806061
0 0.121569 0.474242 0.508824 0.474242 0.508824 0.815152 0.121569 0.815152
0 0.186275 0.230303 0.510784 0.230303 0.510784 0.449242 0.186275 0.449242
0 0.531373 0.137879 0.893137 0.137879 0.893137 0.505303 0.531373 0.505303