1 0.346631 0.185998 0.370295 0.185998 0.370295 0.197318 0.346631 0.197318
1 0.439486 0.185301 0.462249 0.185301 0.462249 0.197666 0.439486 0.197666
1 0.618203 0.325482 0.655196 0.325482 0.655196 0.337382 0.618203 0.337382
1 0.750456 0.331248 0.771890 0.331248 0.771890 0.342044 0.750456 0.342044
1 0.806025 0.330144 0.826983 0.330144 0.826983 0.342289 0.806025 0.342289
1 0.632609 0.388341 0.644893 0.388341 0.644893 0.400024 0.632609 0.400024
1 0.748524 0.387368 0.771990 0.387368 0.771990 0.399294 0.748524 0.399294
1 0.775140 0.409030 0.786322 0.409030 0.786322 0.419983 0.775140 0.419983
1 0.676234 0.488256 0.712300 0.488256 0.712300 0.500791 0.676234 0.500791
1 0.553875 0.532965 0.583568 0.532965 0.583568 0.544583 0.553875 0.544583
2 0.562678 0.578348 0.582118 0.578348 0.582118 0.594665 0.562678 0.594665
2 0.691386 0.578866 0.712837 0.578866 0.712837 0.596737 0.691386 0.596737
2 0.692308 0.702298 0.707822 0.702298 0.707822 0.717116 0.692308 0.717116
2 0.402715 0.751582 0.416936 0.751582 0.416936 0.767399 0.402715 0.767399
2 0.383323 0.787546 0.401422 0.787546 0.401422 0.803197 0.383323 0.803197
2 0.253394 0.820013 0.271062 0.820013 0.271062 0.834998 0.253394 0.834998
1 0.855188 0.412405 0.855188 0.403804 0.869996 0.403804 0.869996 0.412405
1 0.853962 0.467803 0.853962 0.451809 0.869620 0.451809 0.869620 0.467803
1 0.853178 0.510600 0.853178 0.494605 0.868836 0.494605 0.868836 0.510600
1 0.889363 0.489792 0.889363 0.473797 0.905020 0.473797 0.905020 0.489792
1 0.629939 0.524705 0.642682 0.512102 0.655020 0.519551 0.642277 0.532154
1 0.686770 0.350126 0.686770 0.341525 0.701578 0.341525 0.701578 0.350126
1 0.862512 0.267316 0.862512 0.248963 0.876144 0.248963 0.876144 0.267316
1 0.906312 0.268874 0.906312 0.250522 0.919944 0.250522 0.919944 0.268874
1 0.692054 0.173206 0.692054 0.161632 0.705870 0.161632 0.705870 0.173206
1 0.752528 0.131898 0.775026 0.131898 0.775026 0.144179 0.752528 0.144179
1 0.751496 0.157416 0.773787 0.157416 0.773787 0.169856 0.751496 0.169856
1 0.808669 0.158373 0.830134 0.158373 0.830134 0.170654 0.808669 0.170654
1 0.557898 0.271427 0.557898 0.246620 0.575093 0.246620 0.575093 0.271427
1 0.251083 0.191090 0.270848 0.210638 0.257298 0.218818 0.237534 0.199270
1 0.187534 0.213460 0.187534 0.204155 0.204065 0.204155 0.204065 0.213460
0 0.241061 0.378788 0.915802 0.378788 0.915802 0.552585 0.241061 0.552585
0 0.196078 0.563280 0.768166 0.563280 0.768166 0.874332 0.196078 0.874332
0 0.232987 0.121212 0.934256 0.121212 0.934256 0.361854 0.232987 0.361854
0 0.061130 0.172906 0.213379 0.172906 0.213379 0.335116 0.061130 0.335116