2 0.452763 0.299242 0.481283 0.299242 0.481283 0.326102 0.452763 0.326102
1 0.348930 0.315427 0.391266 0.315427 0.391266 0.332989 0.348930 0.332989
1 0.180636 0.397306 0.223696 0.397306 0.223696 0.413745 0.180636 0.413745
2 0.110663 0.374728 0.140395 0.374728 0.140395 0.400871 0.110663 0.400871
2 0.330673 0.576227 0.357425 0.576227 0.357425 0.602537 0.330673 0.602537
2 0.522800 0.619685 0.553808 0.619685 0.553808 0.647169 0.522800 0.647169
1 0.780191 0.382045 0.850192 0.382045 0.850192 0.400736 0.780191 0.400736
1 0.813909 0.464174 0.884277 0.464174 0.884277 0.483716 0.813909 0.483716
2 0.448950 0.479212 0.480090 0.468998 0.494766 0.495713 0.463626 0.505927
1 0.459784 0.517124 0.486727 0.549184 0.465473 0.559850 0.438529 0.527790
1 0.683692 0.441513 0.690206 0.455342 0.666516 0.462005 0.660002 0.448176
1 0.753941 0.633112 0.771059 0.639563 0.760007 0.657072 0.742890 0.650621
1 0.309804 0.717316 0.331426 0.671410 0.351119 0.676949 0.329496 0.722854
0 0.080532 0.219697 0.905462 0.219697 0.905462 0.787879 0.080532 0.787879