1 0.511107 0.232888 0.540176 0.232888 0.540176 0.248146 0.511107 0.248146
2 0.670437 0.223776 0.705540 0.223776 0.705540 0.253020 0.670437 0.253020
1 0.508975 0.347845 0.538801 0.347845 0.538801 0.362783 0.508975 0.362783
1 0.646168 0.343802 0.663042 0.343802 0.663042 0.358310 0.646168 0.358310
1 0.731016 0.361616 0.799228 0.361616 0.799228 0.379431 0.731016 0.379431
1 0.513441 0.462121 0.527830 0.462121 0.527830 0.475806 0.513441 0.475806
1 0.444561 0.572781 0.468371 0.572781 0.468371 0.586760 0.444561 0.586760
1 0.549720 0.571248 0.564659 0.571248 0.564659 0.584957 0.549720 0.584957
1 0.545870 0.706520 0.570588 0.706520 0.570588 0.720294 0.545870 0.720294
2 0.632620 0.688705 0.661141 0.688705 0.661141 0.716988 0.632620 0.716988
1 0.694890 0.686869 0.723886 0.686869 0.723886 0.702663 0.694890 0.702663
1 0.503481 0.766900 0.530862 0.766900 0.530862 0.782858 0.503481 0.782858
2 0.450806 0.710956 0.483525 0.710956 0.483525 0.739466 0.450806 0.739466
1 0.324779 0.707594 0.351340 0.707594 0.351340 0.722564 0.324779 0.722564
2 0.276353 0.407925 0.307190 0.407925 0.307190 0.437451 0.276353 0.437451
2 0.278532 0.505957 0.305681 0.505957 0.305681 0.534059 0.278532 0.534059
1 0.577931 0.203164 0.615830 0.209925 0.610465 0.227882 0.572566 0.221120
1 0.647568 0.259543 0.676537 0.252270 0.683330 0.268426 0.654362 0.275700
1 0.594905 0.360743 0.623874 0.368016 0.617080 0.384172 0.588111 0.376899
1 0.577300 0.497014 0.610899 0.512003 0.599885 0.526744 0.566286 0.511755
1 0.710054 0.502901 0.739257 0.502901 0.739257 0.519020 0.710054 0.519020
1 0.547467 0.537340 0.570155 0.522629 0.583109 0.534558 0.560420 0.549269
1 0.779374 0.553441 0.779374 0.530815 0.800069 0.530815 0.800069 0.553441
1 0.724958 0.547099 0.776942 0.547099 0.776942 0.561663 0.724958 0.561663
1 0.305256 0.497831 0.305256 0.474944 0.325409 0.474944 0.325409 0.497831
1 0.304891 0.637363 0.304891 0.611590 0.327322 0.611590 0.327322 0.637363
1 0.260935 0.665002 0.260935 0.644284 0.281073 0.644284 0.281073 0.665002
1 0.306399 0.660173 0.306399 0.647840 0.325968 0.647840 0.325968 0.660173
1 0.444924 0.696431 0.444924 0.671691 0.463818 0.671691 0.463818 0.696431
1 0.258234 0.736379 0.258234 0.717752 0.279199 0.717752 0.279199 0.736379
1 0.736642 0.667206 0.736642 0.644579 0.757337 0.644579 0.757337 0.667206
1 0.736991 0.723177 0.736991 0.700550 0.757686 0.700550 0.757686 0.723177
0 0.245098 0.195152 0.822353 0.195152 0.822353 0.792727 0.245098 0.792727