1 0.467820 0.254724 0.486967 0.254724 0.486967 0.265954 0.467820 0.265954
1 0.447059 0.270410 0.463437 0.270410 0.463437 0.280392 0.447059 0.280392
2 0.525260 0.265775 0.547866 0.265775 0.547866 0.285740 0.525260 0.285740
2 0.623991 0.282709 0.643137 0.282709 0.643137 0.302496 0.623991 0.302496
1 0.419579 0.460548 0.442313 0.460548 0.442313 0.471380 0.419579 0.471380
2 0.526239 0.511199 0.542720 0.511199 0.542720 0.530376 0.526239 0.530376
1 0.333194 0.513285 0.359957 0.513285 0.359957 0.524056 0.333194 0.524056
2 0.262389 0.498623 0.285918 0.498623 0.285918 0.519284 0.262389 0.519284
1 0.194652 0.500275 0.223886 0.500275 0.223886 0.512672 0.194652 0.512672
1 0.128431 0.513636 0.147647 0.513636 0.147647 0.523788 0.128431 0.523788
1 0.133333 0.462576 0.156471 0.462576 0.156471 0.473636 0.133333 0.473636
1 0.150000 0.418939 0.166667 0.418939 0.166667 0.429242 0.150000 0.429242
1 0.176471 0.393788 0.199804 0.393788 0.199804 0.404242 0.176471 0.404242
1 0.354022 0.299938 0.374190 0.299938 0.374190 0.319481 0.354022 0.319481
2 0.822237 0.508574 0.849901 0.508574 0.849901 0.529481 0.822237 0.529481
1 0.483169 0.555469 0.501683 0.555469 0.501683 0.566654 0.483169 0.566654
1 0.475846 0.635105 0.498507 0.635105 0.498507 0.646010 0.475846 0.646010
1 0.518319 0.631226 0.527953 0.631226 0.527953 0.642236 0.518319 0.642236
1 0.440826 0.712121 0.461660 0.712121 0.461660 0.722808 0.440826 0.722808
1 0.547094 0.695617 0.571078 0.695617 0.571078 0.707251 0.547094 0.707251
1 0.479421 0.323096 0.479421 0.306511 0.492789 0.306511 0.492789 0.323096
1 0.461678 0.325356 0.461678 0.308771 0.475047 0.308771 0.475047 0.325356
1 0.279594 0.353803 0.286522 0.360906 0.275816 0.367140 0.268889 0.360036
1 0.391732 0.394254 0.404689 0.409098 0.394686 0.414312 0.381729 0.399468
1 0.481517 0.477616 0.481517 0.459712 0.493583 0.459712 0.493583 0.477616
1 0.093083 0.473693 0.093083 0.457258 0.106991 0.457258 0.106991 0.473693
1 0.108890 0.475751 0.108890 0.459316 0.122798 0.459316 0.122798 0.475751
1 0.172808 0.458874 0.181211 0.458874 0.181211 0.471195 0.172808 0.471195
1 0.375692 0.640837 0.375692 0.624401 0.389599 0.624401 0.389599 0.640837
1 0.405933 0.645025 0.405933 0.628590 0.419840 0.628590 0.419840 0.645025
0 0.328431 0.535606 0.700000 0.535606 0.700000 0.756818 0.328431 0.756818
0 0.056723 0.243506 0.946078 0.243506 0.946078 0.532468 0.056723 0.532468