1 0.687014 0.169097 0.704587 0.169097 0.704587 0.180103 0.687014 0.180103
1 0.763781 0.170669 0.783759 0.170669 0.783759 0.182533 0.763781 0.182533
1 0.757307 0.187393 0.783944 0.187393 0.783944 0.197256 0.757307 0.197256
1 0.709397 0.254860 0.727155 0.254860 0.727155 0.264866 0.709397 0.264866
1 0.701998 0.273728 0.720681 0.273728 0.720681 0.283877 0.701998 0.283877
1 0.817055 0.275157 0.826304 0.275157 0.826304 0.284734 0.817055 0.284734
1 0.609362 0.181711 0.619718 0.181711 0.619718 0.191848 0.609362 0.191848
1 0.574591 0.270120 0.584832 0.270120 0.584832 0.280281 0.574591 0.280281
1 0.507320 0.306667 0.533333 0.306667 0.533333 0.317576 0.507320 0.317576
1 0.863282 0.173526 0.889816 0.173526 0.889816 0.184984 0.863282 0.184984
1 0.875573 0.186793 0.898010 0.186793 0.898010 0.197497 0.875573 0.197497
1 0.870110 0.260063 0.881621 0.260063 0.881621 0.269411 0.870110 0.269411
1 0.514485 0.366548 0.532621 0.366548 0.532621 0.376558 0.514485 0.376558
1 0.588088 0.369005 0.597509 0.369005 0.597509 0.378469 0.588088 0.378469
1 0.618707 0.390663 0.639080 0.390663 0.639080 0.400764 0.618707 0.400764
1 0.328685 0.360256 0.355246 0.360256 0.355246 0.370518 0.328685 0.370518
1 0.081517 0.475190 0.106359 0.475190 0.106359 0.485452 0.081517 0.485452
1 0.177603 0.468188 0.208226 0.468188 0.208226 0.479657 0.177603 0.479657
2 0.149940 0.519747 0.172800 0.519747 0.172800 0.542726 0.149940 0.542726
2 0.478719 0.638518 0.499721 0.638518 0.499721 0.659629 0.478719 0.659629
2 0.586107 0.742542 0.611491 0.742542 0.611491 0.765445 0.586107 0.765445
2 0.690564 0.799479 0.716912 0.799479 0.716912 0.820194 0.690564 0.820194
1 0.611729 0.417417 0.611729 0.408545 0.627804 0.408545 0.627804 0.417417
1 0.860056 0.439205 0.860056 0.430333 0.876131 0.430333 0.876131 0.439205
1 0.890949 0.444349 0.890949 0.431307 0.903597 0.431307 0.903597 0.444349
1 0.634755 0.434263 0.634755 0.427980 0.648112 0.427980 0.648112 0.434263
1 0.174142 0.367889 0.194024 0.377489 0.186400 0.386917 0.166518 0.377317
1 0.638618 0.211318 0.638618 0.196323 0.649898 0.196323 0.649898 0.211318
1 0.623555 0.206903 0.623555 0.198828 0.634830 0.198828 0.634830 0.206903
1 0.568132 0.192182 0.580803 0.203446 0.570729 0.210213 0.558057 0.198949
1 0.560993 0.232275 0.575789 0.241868 0.567209 0.249770 0.552413 0.240176
1 0.500264 0.249219 0.500264 0.232265 0.513771 0.232265 0.513771 0.249219
1 0.528889 0.200808 0.528889 0.177113 0.542791 0.177113 0.542791 0.200808
1 0.745867 0.310012 0.750896 0.287973 0.764988 0.289893 0.759959 0.311932
1 0.859737 0.235970 0.859737 0.227802 0.873059 0.227802 0.873059 0.235970
1 0.879982 0.239580 0.879982 0.225117 0.892378 0.225117 0.892378 0.239580
1 0.909635 0.239849 0.909635 0.225386 0.922032 0.225386 0.922032 0.239849
0 0.142484 0.509091 0.843137 0.509091 0.843137 0.844444 0.142484 0.844444
0 0.045752 0.351515 0.917647 0.351515 0.917647 0.494949 0.045752 0.494949
0 0.200000 0.157576 0.938562 0.157576 0.938562 0.334343 0.200000 0.334343