1 0.175779 0.421212 0.207843 0.421212 0.207843 0.434403 0.175779 0.434403
1 0.268743 0.444029 0.282584 0.444029 0.282584 0.456150 0.268743 0.456150
1 0.355019 0.408690 0.388781 0.408690 0.388781 0.420931 0.355019 0.420931
1 0.407176 0.495648 0.442845 0.495648 0.442845 0.508382 0.407176 0.508382
1 0.261994 0.532076 0.297872 0.532076 0.297872 0.544326 0.261994 0.544326
1 0.118447 0.614774 0.156989 0.614774 0.156989 0.626870 0.118447 0.626870
1 0.075138 0.629655 0.093100 0.629655 0.093100 0.642262 0.075138 0.642262
1 0.259056 0.728043 0.294948 0.728043 0.294948 0.741654 0.259056 0.741654
1 0.256065 0.757062 0.301097 0.757062 0.301097 0.769902 0.256065 0.769902
1 0.398085 0.615457 0.420581 0.615457 0.420581 0.628259 0.398085 0.628259
1 0.458428 0.623326 0.481076 0.623326 0.481076 0.635659 0.458428 0.635659
2 0.684766 0.321345 0.709761 0.321345 0.709761 0.342657 0.684766 0.342657
2 0.773540 0.318515 0.794010 0.318515 0.794010 0.339993 0.773540 0.339993
2 0.857574 0.526973 0.884508 0.526973 0.884508 0.548452 0.857574 0.548452
2 0.612781 0.409644 0.638257 0.409644 0.638257 0.432426 0.612781 0.432426
1 0.379419 0.368945 0.379419 0.358696 0.396215 0.358696 0.396215 0.368945
1 0.351480 0.316752 0.390343 0.304005 0.397809 0.317596 0.358946 0.330343
1 0.290327 0.286626 0.302766 0.258711 0.321010 0.263565 0.308571 0.291480
1 0.154359 0.310761 0.194598 0.322078 0.188245 0.335566 0.148006 0.324248
1 0.131191 0.582063 0.131191 0.571554 0.146832 0.571554 0.146832 0.582063
1 0.152524 0.601707 0.152524 0.591198 0.168165 0.591198 0.168165 0.601707
1 0.141956 0.628816 0.159870 0.638873 0.150723 0.648602 0.132809 0.638545
1 0.071086 0.742960 0.071346 0.731478 0.083541 0.731642 0.083282 0.743125
1 0.469003 0.699782 0.469003 0.679822 0.485206 0.679822 0.485206 0.699782
1 0.498276 0.669236 0.498276 0.649276 0.514479 0.649276 0.514479 0.669236
1 0.524732 0.665727 0.524732 0.645767 0.540935 0.645767 0.540935 0.665727
1 0.554005 0.653508 0.554005 0.633547 0.570208 0.633547 0.570208 0.653508
0 0.474582 0.225589 0.930646 0.225589 0.930646 0.563412 0.474582 0.563412
0 0.062092 0.525253 0.582062 0.525253 0.582062 0.781145 0.062092 0.781145
0 0.082426 0.197531 0.470225 0.197531 0.470225 0.519641 0.082426 0.519641