1 0.456962 0.218798 0.496510 0.218798 0.496510 0.234977 0.456962 0.234977
1 0.462612 0.248074 0.489531 0.248074 0.489531 0.262455 0.462612 0.262455
1 0.329610 0.313003 0.369819 0.313003 0.369819 0.326812 0.329610 0.326812
2 0.227186 0.361507 0.253047 0.361507 0.253047 0.391974 0.227186 0.391974
2 0.493292 0.360048 0.525026 0.360048 0.525026 0.390351 0.493292 0.390351
1 0.093911 0.320175 0.156347 0.320175 0.156347 0.335726 0.093911 0.335726
1 0.071301 0.490555 0.131143 0.490555 0.131143 0.505116 0.071301 0.505116
1 0.404287 0.495378 0.444001 0.495378 0.444001 0.509245 0.404287 0.509245
2 0.495696 0.549643 0.529491 0.549643 0.529491 0.578960 0.495696 0.578960
1 0.515144 0.583888 0.573808 0.583888 0.573808 0.599162 0.515144 0.599162
1 0.381556 0.583395 0.441495 0.583395 0.441495 0.598916 0.381556 0.598916
1 0.458393 0.605814 0.496333 0.605814 0.496333 0.620843 0.458393 0.620843
2 0.601930 0.462001 0.635854 0.462001 0.635854 0.493025 0.601930 0.493025
2 0.700903 0.595719 0.727980 0.595719 0.727980 0.624339 0.700903 0.624339
1 0.734205 0.639009 0.817305 0.639009 0.817305 0.652718 0.734205 0.652718
1 0.520420 0.640488 0.568453 0.640488 0.568453 0.655370 0.520420 0.655370
2 0.597897 0.702459 0.633703 0.702459 0.633703 0.730786 0.597897 0.730786
1 0.316851 0.708608 0.366013 0.708608 0.366013 0.725955 0.316851 0.725955
1 0.199506 0.616228 0.218849 0.630661 0.206220 0.640766 0.186878 0.626333
1 0.299093 0.473628 0.347547 0.449312 0.359785 0.463875 0.311331 0.488190
1 0.480393 0.437149 0.494411 0.418387 0.511469 0.425997 0.497451 0.444759
1 0.449394 0.298962 0.479149 0.316925 0.468002 0.327950 0.438247 0.309986
1 0.818945 0.479398 0.818945 0.446224 0.836994 0.446224 0.836994 0.479398
1 0.858939 0.503030 0.858939 0.471779 0.878529 0.471779 0.878529 0.503030
1 0.817689 0.625725 0.817689 0.605771 0.837631 0.605771 0.837631 0.625725
0 0.060924 0.205628 0.895658 0.205628 0.895658 0.770563 0.060924 0.770563