1 0.502110 0.209244 0.534872 0.209244 0.534872 0.222094 0.502110 0.222094
1 0.482998 0.229382 0.506826 0.229382 0.506826 0.244726 0.482998 0.244726
1 0.310499 0.229766 0.331596 0.229766 0.331596 0.242808 0.310499 0.242808
1 0.249938 0.228615 0.271035 0.228615 0.271035 0.242232 0.249938 0.242232
1 0.681559 0.231109 0.704393 0.231109 0.704393 0.244150 0.681559 0.244150
2 0.736326 0.303828 0.761266 0.303828 0.761266 0.325093 0.736326 0.325093
2 0.425841 0.316944 0.447967 0.316944 0.447967 0.336871 0.425841 0.336871
2 0.408141 0.396062 0.427214 0.396062 0.427214 0.416225 0.408141 0.416225
1 0.680716 0.499523 0.700324 0.499523 0.700324 0.509962 0.680716 0.509962
2 0.534953 0.596545 0.558255 0.596545 0.558255 0.616894 0.534953 0.616894
1 0.686132 0.568584 0.695794 0.568584 0.695794 0.580442 0.686132 0.580442
1 0.739715 0.569073 0.749327 0.569073 0.749327 0.580065 0.739715 0.580065
2 0.337841 0.594915 0.359703 0.594915 0.359703 0.613898 0.337841 0.613898
1 0.438359 0.568011 0.449971 0.568011 0.449971 0.579937 0.438359 0.579937
2 0.373682 0.672341 0.393524 0.672341 0.393524 0.693227 0.373682 0.693227
1 0.349576 0.762400 0.387035 0.762400 0.387035 0.774913 0.349576 0.774913
1 0.525168 0.761948 0.564579 0.761948 0.564579 0.774913 0.525168 0.774913
1 0.624671 0.762249 0.661935 0.762249 0.661935 0.774913 0.624671 0.774913
1 0.804751 0.762099 0.843576 0.762099 0.843576 0.775366 0.804751 0.775366
1 0.565646 0.287278 0.569145 0.297368 0.553633 0.300579 0.550135 0.290490
1 0.683645 0.275682 0.695502 0.280971 0.686512 0.293003 0.674656 0.287713
1 0.649632 0.345277 0.673104 0.328946 0.685813 0.339853 0.662341 0.356184
1 0.672479 0.405695 0.672479 0.397206 0.688880 0.397206 0.688880 0.405695
1 0.782920 0.354341 0.789792 0.377343 0.771973 0.380522 0.765101 0.357520
1 0.802995 0.345696 0.802995 0.328187 0.818388 0.328187 0.818388 0.345696
1 0.801909 0.428297 0.801909 0.410788 0.817302 0.410788 0.817302 0.428297
1 0.802418 0.456218 0.802418 0.438709 0.817811 0.438709 0.817811 0.456218
1 0.801172 0.519961 0.801172 0.502452 0.816565 0.502452 0.816565 0.519961
1 0.801252 0.590770 0.801252 0.573261 0.816645 0.573261 0.816645 0.590770
1 0.801499 0.660207 0.801499 0.642698 0.816893 0.642698 0.816893 0.660207
1 0.802207 0.724983 0.802207 0.707474 0.817600 0.707474 0.817600 0.724983
1 0.627405 0.695390 0.627405 0.686164 0.643930 0.686164 0.643930 0.695390
1 0.709181 0.639954 0.718660 0.639954 0.718660 0.651587 0.709181 0.651587
1 0.625319 0.615077 0.625319 0.605851 0.641845 0.605851 0.641845 0.615077
1 0.623758 0.441352 0.623758 0.432126 0.640284 0.432126 0.640284 0.441352
1 0.401878 0.731645 0.401878 0.722419 0.418404 0.722419 0.418404 0.731645
1 0.149481 0.525668 0.149481 0.498930 0.165167 0.498930 0.165167 0.525668
1 0.191438 0.284062 0.191438 0.266401 0.207441 0.266401 0.207441 0.284062
1 0.192750 0.335734 0.192750 0.318074 0.208752 0.318074 0.208752 0.335734
1 0.193684 0.378441 0.193684 0.368127 0.208716 0.368127 0.208716 0.378441
1 0.193235 0.428638 0.193235 0.411241 0.209728 0.411241 0.209728 0.428638
1 0.192935 0.470391 0.192935 0.460947 0.210291 0.460947 0.210291 0.470391
1 0.192786 0.520125 0.192786 0.504060 0.211452 0.504060 0.211452 0.520125
1 0.191738 0.561878 0.191738 0.551916 0.210518 0.551916 0.210518 0.561878
1 0.195779 0.612075 0.195779 0.595492 0.211680 0.595492 0.211680 0.612075
1 0.194582 0.653713 0.194582 0.643926 0.210895 0.643926 0.210895 0.653713
1 0.195480 0.703562 0.195480 0.687040 0.211608 0.687040 0.211608 0.703562
0 0.130588 0.197576 0.866275 0.197576 0.866275 0.792727 0.130588 0.792727