2 0.272829 0.379654 0.303641 0.379654 0.303641 0.408225 0.272829 0.408225
2 0.524370 0.393506 0.555182 0.393506 0.555182 0.420346 0.524370 0.420346
1 0.694410 0.364442 0.719441 0.364442 0.719441 0.378788 0.694410 0.378788
1 0.779099 0.354932 0.840634 0.354932 0.840634 0.370084 0.779099 0.370084
1 0.779993 0.552492 0.820323 0.552492 0.820323 0.567715 0.779993 0.567715
2 0.556916 0.680816 0.584840 0.680816 0.584840 0.706874 0.556916 0.706874
2 0.402190 0.727391 0.427214 0.727391 0.427214 0.753567 0.402190 0.753567
1 0.377977 0.471279 0.414143 0.484311 0.406669 0.496697 0.370502 0.483665
1 0.515772 0.485174 0.562717 0.470517 0.569750 0.483970 0.522806 0.498626
1 0.265037 0.279124 0.292628 0.258535 0.306962 0.270004 0.279371 0.290593
1 0.363487 0.278354 0.376768 0.275604 0.382171 0.291183 0.368889 0.293933
1 0.397247 0.226005 0.430380 0.222862 0.433133 0.240188 0.400000 0.243332
1 0.514302 0.225083 0.550666 0.230038 0.546869 0.246677 0.510505 0.241722
1 0.380425 0.274543 0.393707 0.271793 0.399109 0.287372 0.385827 0.290122
1 0.817766 0.537412 0.817766 0.524334 0.838194 0.524334 0.838194 0.537412
0 0.113562 0.207071 0.857026 0.207071 0.857026 0.784091 0.113562 0.784091