1 0.182427 0.266974 0.227103 0.266974 0.227103 0.279056 0.182427 0.279056
1 0.096798 0.337553 0.129561 0.337553 0.129561 0.350019 0.096798 0.350019
1 0.112187 0.474108 0.141723 0.474108 0.141723 0.485232 0.112187 0.485232
1 0.178704 0.526851 0.217175 0.526851 0.217175 0.538742 0.178704 0.538742
1 0.223380 0.586881 0.256639 0.586881 0.256639 0.599156 0.223380 0.599156
1 0.200794 0.602225 0.221643 0.602225 0.221643 0.613924 0.200794 0.613924
1 0.235046 0.617185 0.250683 0.617185 0.250683 0.627158 0.235046 0.627158
1 0.344502 0.587073 0.376768 0.587073 0.376768 0.598773 0.344502 0.598773
1 0.333085 0.601649 0.355175 0.601649 0.355175 0.612390 0.333085 0.612390
1 0.416729 0.586498 0.436088 0.586498 0.436088 0.598005 0.416729 0.598005
1 0.311988 0.549099 0.345247 0.549099 0.345247 0.560990 0.311988 0.560990
1 0.328131 0.774095 0.347951 0.774095 0.347951 0.785253 0.328131 0.785253
2 0.601940 0.241472 0.623704 0.241472 0.623704 0.259242 0.601940 0.259242
2 0.648958 0.363954 0.665178 0.363954 0.665178 0.382992 0.648958 0.382992
2 0.627810 0.420752 0.648547 0.420752 0.648547 0.438363 0.627810 0.438363
2 0.760856 0.471521 0.780361 0.471521 0.780361 0.489132 0.760856 0.489132
2 0.811364 0.352689 0.830870 0.352689 0.830870 0.370934 0.811364 0.370934
2 0.712401 0.224655 0.732112 0.224655 0.732112 0.243852 0.712401 0.243852
1 0.284728 0.381776 0.318144 0.381776 0.318144 0.393726 0.284728 0.393726
1 0.275891 0.427017 0.309859 0.427017 0.309859 0.438540 0.275891 0.438540
1 0.208158 0.319062 0.221786 0.339731 0.206722 0.345662 0.193093 0.324993
1 0.063345 0.377489 0.063345 0.351642 0.077970 0.351642 0.077970 0.377489
1 0.063040 0.481317 0.063040 0.455470 0.077665 0.455470 0.077665 0.481317
1 0.084355 0.482428 0.101339 0.462971 0.112913 0.469004 0.095929 0.488461
1 0.180373 0.501543 0.192241 0.479939 0.205092 0.484154 0.193224 0.505758
1 0.487599 0.393337 0.487599 0.369129 0.501160 0.369129 0.501160 0.393337
1 0.487983 0.457853 0.487983 0.433644 0.501544 0.433644 0.501544 0.457853
1 0.457516 0.654235 0.457516 0.644396 0.472104 0.644396 0.472104 0.654235
1 0.406270 0.661768 0.420814 0.671199 0.411522 0.679756 0.396978 0.670325
1 0.459851 0.732790 0.459851 0.718118 0.474306 0.718118 0.474306 0.732790
1 0.492557 0.765804 0.492557 0.751133 0.507013 0.751133 0.507013 0.765804
1 0.286044 0.733177 0.294343 0.714554 0.306538 0.717798 0.298240 0.736422
1 0.266671 0.668735 0.287820 0.652953 0.296797 0.660136 0.275648 0.675918
1 0.060969 0.621059 0.060969 0.612105 0.074505 0.612105 0.074505 0.621059
1 0.059913 0.663300 0.059913 0.649658 0.074513 0.649658 0.074513 0.663300
1 0.560932 0.695589 0.582694 0.707363 0.573213 0.717826 0.551452 0.706051
1 0.594817 0.689420 0.616579 0.701195 0.607098 0.711657 0.585336 0.699882
1 0.793700 0.755668 0.793700 0.746293 0.808875 0.746293 0.808875 0.755668
1 0.885741 0.769730 0.885741 0.760355 0.900915 0.760355 0.900915 0.769730
1 0.907176 0.716899 0.907176 0.699549 0.919530 0.699549 0.919530 0.716899
0 0.490414 0.626936 0.927887 0.626936 0.927887 0.791246 0.490414 0.791246
0 0.048584 0.578451 0.482571 0.578451 0.482571 0.794613 0.048584 0.794613
0 0.051198 0.257239 0.514815 0.257239 0.514815 0.569024 0.051198 0.569024
0 0.540959 0.211448 0.941830 0.211448 0.941830 0.536700 0.540959 0.536700