1 0.050980 0.181169 0.094398 0.181169 0.094398 0.192857 0.050980 0.192857
1 0.122409 0.171861 0.138375 0.171861 0.138375 0.181602 0.122409 0.181602
1 0.251541 0.198268 0.262465 0.198268 0.262465 0.207792 0.251541 0.207792
1 0.327171 0.168831 0.345658 0.168831 0.345658 0.181385 0.327171 0.181385
1 0.509244 0.169697 0.527451 0.169697 0.527451 0.179004 0.509244 0.179004
1 0.595238 0.167749 0.607003 0.167749 0.607003 0.178355 0.595238 0.178355
1 0.613445 0.180736 0.622689 0.180736 0.622689 0.190693 0.613445 0.190693
1 0.741176 0.167100 0.760784 0.167100 0.760784 0.177706 0.741176 0.177706
1 0.889916 0.169697 0.901961 0.169697 0.901961 0.180519 0.889916 0.180519
2 0.859664 0.178571 0.872269 0.178571 0.872269 0.188312 0.859664 0.188312
2 0.850420 0.187879 0.861345 0.187879 0.861345 0.197403 0.850420 0.197403
1 0.909804 0.212987 0.929972 0.212987 0.929972 0.224242 0.909804 0.224242
2 0.849580 0.301948 0.859384 0.301948 0.859384 0.312338 0.849580 0.312338
1 0.880952 0.307359 0.900840 0.307359 0.900840 0.317100 0.880952 0.317100
2 0.877031 0.324459 0.887675 0.324459 0.887675 0.333550 0.877031 0.333550
2 0.873389 0.417316 0.916807 0.417316 0.916807 0.438528 0.873389 0.438528
2 0.668940 0.420729 0.710713 0.420729 0.710713 0.436539 0.668940 0.436539
1 0.551009 0.308081 0.573743 0.308081 0.573743 0.317743 0.551009 0.317743
1 0.603865 0.300615 0.612674 0.300615 0.612674 0.310716 0.603865 0.310716
1 0.730037 0.306544 0.751350 0.306544 0.751350 0.315766 0.730037 0.315766
1 0.479966 0.283707 0.501563 0.283707 0.501563 0.294466 0.479966 0.294466
1 0.542484 0.282828 0.552998 0.282828 0.552998 0.293149 0.542484 0.293149
2 0.189712 0.504723 0.211612 0.504723 0.211612 0.525777 0.189712 0.525777
2 0.157627 0.597206 0.181309 0.597206 0.181309 0.618064 0.157627 0.618064
2 0.470843 0.588941 0.493252 0.588941 0.493252 0.608028 0.470843 0.608028
2 0.364910 0.539355 0.385027 0.539355 0.385027 0.560213 0.364910 0.560213
2 0.509295 0.680638 0.531194 0.680638 0.531194 0.701102 0.509295 0.701102
2 0.648332 0.806375 0.668195 0.806375 0.668195 0.826250 0.648332 0.826250
1 0.145999 0.369692 0.171824 0.360387 0.178024 0.370661 0.152199 0.379966
1 0.200240 0.261391 0.200240 0.246505 0.213139 0.246505 0.213139 0.261391
1 0.294258 0.202851 0.306038 0.219969 0.292670 0.225462 0.280891 0.208343
1 0.533434 0.231740 0.533434 0.209720 0.548396 0.209720 0.548396 0.231740
1 0.911228 0.264472 0.911228 0.242451 0.926190 0.242451 0.926190 0.264472
0 0.221719 0.153846 0.939668 0.153846 0.939668 0.333333 0.221719 0.333333
0 0.529412 0.333333 0.719457 0.333333 0.719457 0.454545 0.529412 0.454545
0 0.737557 0.335664 0.926094 0.335664 0.926094 0.456876 0.737557 0.456876
0 0.060332 0.319347 0.227753 0.319347 0.227753 0.452214 0.060332 0.452214
0 0.033183 0.158508 0.218703 0.158508 0.218703 0.312354 0.033183 0.312354
0 0.143288 0.495338 0.852187 0.495338 0.852187 0.856643 0.143288 0.856643