1 0.488989 0.305361 0.519759 0.305361 0.519759 0.316550 0.488989 0.316550
1 0.278394 0.336192 0.303552 0.336192 0.303552 0.348914 0.278394 0.348914
1 0.315020 0.336192 0.327969 0.336192 0.327969 0.348485 0.315020 0.348485
1 0.083679 0.311140 0.145540 0.311140 0.145540 0.325864 0.083679 0.325864
1 0.093068 0.338882 0.127037 0.338882 0.127037 0.351899 0.093068 0.351899
2 0.126144 0.493872 0.148105 0.493872 0.148105 0.512593 0.126144 0.512593
1 0.198475 0.491582 0.207887 0.491582 0.207887 0.504377 0.198475 0.504377
1 0.145664 0.466667 0.190632 0.466667 0.190632 0.480808 0.145664 0.480808
1 0.101415 0.653723 0.136086 0.653723 0.136086 0.666667 0.101415 0.666667
2 0.402119 0.578568 0.423466 0.578568 0.423466 0.598240 0.402119 0.598240
2 0.695005 0.334992 0.720767 0.334992 0.720767 0.356337 0.695005 0.356337
2 0.708925 0.449321 0.728195 0.449321 0.728195 0.467085 0.708925 0.467085
1 0.867507 0.306494 0.900280 0.306494 0.900280 0.320346 0.867507 0.320346
2 0.854622 0.416450 0.875630 0.416450 0.875630 0.436147 0.854622 0.436147
1 0.821569 0.466667 0.864706 0.466667 0.864706 0.479004 0.821569 0.479004
1 0.802801 0.489394 0.812045 0.489394 0.812045 0.501948 0.802801 0.501948
2 0.863305 0.493074 0.882913 0.493074 0.882913 0.515152 0.863305 0.515152
1 0.867507 0.675325 0.900000 0.675325 0.900000 0.688312 0.867507 0.688312
1 0.488166 0.666487 0.517635 0.666487 0.517635 0.679218 0.488166 0.679218
1 0.486309 0.610364 0.486309 0.603012 0.500232 0.603012 0.500232 0.610364
1 0.148476 0.571742 0.148476 0.563405 0.163223 0.563405 0.163223 0.571742
1 0.145799 0.598880 0.145799 0.578133 0.162911 0.578133 0.162911 0.598880
1 0.069328 0.513258 0.069328 0.495947 0.085425 0.495947 0.085425 0.513258
1 0.484029 0.404814 0.484029 0.397677 0.501121 0.397677 0.501121 0.404814
1 0.907867 0.512322 0.907867 0.496804 0.924200 0.496804 0.924200 0.512322
1 0.870069 0.366009 0.870069 0.356669 0.886591 0.356669 0.886591 0.366009
1 0.877812 0.649435 0.877812 0.639234 0.893514 0.639234 0.893514 0.649435
0 0.058123 0.285714 0.946078 0.285714 0.946078 0.699134 0.058123 0.699134