1 0.398564 0.350036 0.445808 0.350036 0.445808 0.368408 0.398564 0.368408
2 0.530107 0.361250 0.558206 0.361250 0.558206 0.387258 0.530107 0.387258
2 0.665663 0.381532 0.689440 0.381532 0.689440 0.404677 0.665663 0.404677
1 0.749035 0.423049 0.796279 0.423049 0.796279 0.442377 0.749035 0.442377
1 0.694689 0.568599 0.741007 0.568599 0.741007 0.586495 0.694689 0.586495
1 0.598348 0.577666 0.629535 0.577666 0.629535 0.595085 0.598348 0.595085
1 0.618419 0.602720 0.666281 0.602720 0.666281 0.619900 0.618419 0.619900
2 0.547707 0.715104 0.573336 0.715104 0.573336 0.736101 0.547707 0.736101
1 0.699938 0.712241 0.774047 0.712241 0.774047 0.730613 0.699938 0.730613
1 0.357674 0.624173 0.402073 0.624173 0.402073 0.641240 0.357674 0.641240
1 0.433211 0.580492 0.461806 0.580492 0.461806 0.595644 0.433211 0.595644
1 0.529208 0.523990 0.556373 0.523990 0.556373 0.539773 0.529208 0.539773
1 0.512051 0.502052 0.543913 0.502052 0.543913 0.517992 0.512051 0.517992
1 0.311402 0.659708 0.365868 0.659708 0.365868 0.676094 0.311402 0.676094
2 0.420943 0.441651 0.444514 0.441651 0.444514 0.464378 0.420943 0.464378
1 0.202890 0.515311 0.260475 0.515311 0.260475 0.532695 0.202890 0.532695
2 0.392157 0.739705 0.418552 0.739705 0.418552 0.762044 0.392157 0.762044
1 0.430618 0.754468 0.476873 0.754468 0.476873 0.772727 0.430618 0.772727
1 0.170372 0.458125 0.170372 0.424839 0.192759 0.424839 0.192759 0.458125
1 0.287012 0.255052 0.317471 0.278588 0.301641 0.290821 0.271182 0.267284
1 0.476291 0.308594 0.501392 0.276313 0.520649 0.285254 0.495548 0.317535
1 0.746554 0.275767 0.767918 0.241919 0.788110 0.249529 0.766745 0.283377
1 0.813453 0.306608 0.814580 0.281674 0.835813 0.282247 0.834687 0.307181
1 0.695676 0.459017 0.736308 0.477882 0.725512 0.491766 0.684880 0.472901
1 0.809028 0.545928 0.809028 0.496281 0.829027 0.496281 0.829027 0.545928
1 0.719880 0.641969 0.719880 0.600132 0.744240 0.600132 0.744240 0.641969
1 0.623072 0.638576 0.657543 0.654580 0.645143 0.670527 0.610672 0.654522
1 0.430500 0.637704 0.468044 0.626568 0.476672 0.643936 0.439128 0.655072
1 0.309776 0.617550 0.309776 0.604039 0.329392 0.604039 0.329392 0.617550
0 0.154118 0.212121 0.856863 0.212121 0.856863 0.803636 0.154118 0.803636