1 0.218954 0.284407 0.250000 0.284407 0.250000 0.295770 0.218954 0.295770
1 0.216503 0.297980 0.248775 0.297980 0.248775 0.309659 0.216503 0.309659
1 0.389297 0.283460 0.408088 0.283460 0.408088 0.295139 0.389297 0.295139
1 0.397876 0.301610 0.427492 0.301610 0.427492 0.313763 0.397876 0.313763
2 0.615809 0.315025 0.632557 0.315025 0.632557 0.330335 0.615809 0.330335
1 0.651552 0.264047 0.681373 0.264047 0.681373 0.275726 0.651552 0.275726
2 0.819444 0.351168 0.836806 0.351168 0.836806 0.366951 0.819444 0.366951
1 0.426161 0.462189 0.457487 0.462189 0.457487 0.473200 0.426161 0.473200
1 0.404139 0.416234 0.421804 0.416234 0.421804 0.427154 0.404139 0.427154
2 0.533392 0.491749 0.554747 0.491749 0.554747 0.509751 0.533392 0.509751
1 0.334956 0.483444 0.366900 0.483444 0.366900 0.495284 0.334956 0.495284
1 0.358330 0.584186 0.389235 0.584186 0.389235 0.596428 0.358330 0.596428
1 0.217050 0.623921 0.246916 0.623921 0.246916 0.635360 0.217050 0.635360
1 0.197312 0.602248 0.229775 0.602248 0.229775 0.614088 0.197312 0.614088
1 0.519724 0.616102 0.547801 0.616102 0.547801 0.628115 0.519724 0.628115
2 0.680626 0.548264 0.700364 0.548264 0.700364 0.564319 0.680626 0.564319
1 0.833237 0.616756 0.853326 0.616756 0.853326 0.627971 0.833237 0.627971
2 0.310364 0.380087 0.332773 0.380087 0.332773 0.399134 0.310364 0.399134
1 0.418487 0.379437 0.429412 0.379437 0.429412 0.391126 0.418487 0.391126
1 0.181857 0.446886 0.209438 0.446886 0.209438 0.458708 0.181857 0.458708
1 0.191554 0.466367 0.209869 0.466367 0.209869 0.477689 0.191554 0.477689
1 0.214393 0.470862 0.238742 0.470862 0.238742 0.481851 0.214393 0.481851
2 0.157940 0.492174 0.177763 0.492174 0.177763 0.510323 0.157940 0.510323
1 0.207929 0.488345 0.238311 0.488345 0.238311 0.500167 0.207929 0.500167
1 0.200388 0.503996 0.241974 0.503996 0.241974 0.514985 0.200388 0.514985
1 0.166559 0.548119 0.185951 0.548119 0.185951 0.559607 0.166559 0.559607
1 0.518641 0.245412 0.546810 0.245412 0.546810 0.258643 0.518641 0.258643
1 0.907563 0.390476 0.907563 0.368398 0.924090 0.368398 0.924090 0.390476
1 0.906460 0.453960 0.906460 0.441695 0.922836 0.441695 0.922836 0.453960
1 0.906081 0.507100 0.906081 0.492033 0.922430 0.492033 0.922430 0.507100
1 0.334688 0.339246 0.334688 0.321385 0.350789 0.321385 0.350789 0.339246
1 0.250721 0.360428 0.271131 0.368813 0.263572 0.379799 0.243162 0.371413
1 0.185881 0.387672 0.208309 0.391993 0.204414 0.404065 0.181986 0.399744
1 0.128286 0.402222 0.128286 0.384361 0.144387 0.384361 0.144387 0.402222
1 0.085366 0.443213 0.085366 0.421449 0.101199 0.421449 0.101199 0.443213
1 0.064495 0.457142 0.064495 0.435378 0.080328 0.435378 0.080328 0.457142
1 0.115654 0.486327 0.115654 0.468884 0.130703 0.468884 0.130703 0.486327
1 0.115189 0.526617 0.115189 0.509175 0.130238 0.509175 0.130238 0.526617
1 0.173644 0.510293 0.190153 0.522188 0.179890 0.530693 0.163381 0.518797
1 0.169456 0.525373 0.189744 0.533020 0.183147 0.543471 0.162859 0.535825
1 0.397669 0.523352 0.409296 0.542620 0.394768 0.547855 0.383141 0.528587
1 0.367481 0.506834 0.379673 0.490517 0.394146 0.496974 0.381955 0.513291
1 0.358469 0.571994 0.359077 0.558535 0.374739 0.558958 0.374131 0.572416
1 0.298545 0.638354 0.307670 0.630793 0.319369 0.639223 0.310244 0.646784
1 0.191071 0.647775 0.200196 0.640214 0.211895 0.648644 0.202770 0.656205
0 0.051693 0.236915 0.941176 0.236915 0.941176 0.745179 0.051693 0.745179