1 0.463639 0.220176 0.519236 0.220176 0.519236 0.234561 0.463639 0.234561
1 0.461653 0.275988 0.516009 0.275988 0.516009 0.290756 0.461653 0.290756
1 0.243378 0.389553 0.266426 0.389553 0.266426 0.401648 0.243378 0.401648
2 0.393557 0.594336 0.415966 0.594336 0.415966 0.613456 0.393557 0.613456
2 0.335434 0.768759 0.354575 0.768759 0.354575 0.788240 0.335434 0.788240
2 0.562558 0.800144 0.582633 0.800144 0.582633 0.820346 0.562558 0.820346
2 0.560924 0.611111 0.583333 0.611111 0.583333 0.629870 0.560924 0.629870
1 0.834999 0.474351 0.850891 0.474351 0.850891 0.487819 0.834999 0.487819
1 0.457270 0.544025 0.467074 0.544025 0.467074 0.553316 0.457270 0.553316
1 0.475120 0.568396 0.475120 0.552101 0.487514 0.552101 0.487514 0.568396
1 0.540511 0.558319 0.540511 0.541918 0.555542 0.541918 0.555542 0.558319
1 0.514243 0.497570 0.514243 0.472987 0.530525 0.472987 0.530525 0.497570
1 0.801966 0.417349 0.814411 0.433355 0.801166 0.439504 0.788721 0.423499
1 0.886170 0.524188 0.886170 0.505516 0.901622 0.505516 0.901622 0.524188
0 0.064270 0.117845 0.529412 0.117845 0.529412 0.414141 0.064270 0.414141
0 0.068627 0.420034 0.500000 0.420034 0.500000 0.585017 0.068627 0.585017
0 0.507625 0.383838 0.917211 0.383838 0.917211 0.588384 0.507625 0.588384
0 0.270153 0.589226 0.715686 0.589226 0.715686 0.869529 0.270153 0.869529