1 0.280295 0.219295 0.321589 0.219295 0.321589 0.229789 0.280295 0.229789
1 0.318541 0.252275 0.336555 0.252275 0.336555 0.262234 0.318541 0.262234
1 0.377711 0.219724 0.418035 0.219724 0.418035 0.230432 0.377711 0.230432
1 0.258578 0.351681 0.278186 0.351681 0.278186 0.361506 0.258578 0.361506
1 0.314951 0.371330 0.340993 0.371330 0.340993 0.381510 0.314951 0.381510
1 0.376532 0.352865 0.396140 0.352865 0.396140 0.363873 0.376532 0.363873
1 0.429228 0.390270 0.458640 0.390270 0.458640 0.400450 0.429228 0.400450
1 0.470895 0.403291 0.501072 0.403291 0.501072 0.413352 0.470895 0.413352
1 0.469873 0.448905 0.501503 0.448905 0.501503 0.459965 0.469873 0.459965
1 0.482038 0.516257 0.500787 0.516257 0.500787 0.526322 0.482038 0.526322
2 0.523397 0.596545 0.544236 0.596545 0.544236 0.614259 0.523397 0.614259
2 0.416340 0.827744 0.437255 0.827744 0.437255 0.842963 0.416340 0.842963
2 0.626708 0.795099 0.645254 0.795099 0.645254 0.811509 0.626708 0.811509
2 0.683930 0.647892 0.704177 0.647892 0.704177 0.665349 0.683930 0.665349
1 0.143217 0.401979 0.175870 0.401979 0.175870 0.412369 0.143217 0.412369
1 0.313086 0.158103 0.313086 0.144104 0.325874 0.144104 0.325874 0.158103
1 0.370844 0.168478 0.370844 0.162273 0.383487 0.162273 0.383487 0.168478
1 0.530004 0.207586 0.530004 0.193587 0.542792 0.193587 0.542792 0.207586
1 0.515200 0.235673 0.515200 0.221674 0.527988 0.221674 0.527988 0.235673
1 0.553330 0.261748 0.553330 0.241709 0.566609 0.241709 0.566609 0.261748
1 0.514795 0.280301 0.514795 0.266303 0.527583 0.266303 0.527583 0.280301
1 0.527571 0.323818 0.566519 0.323818 0.566519 0.334264 0.527571 0.334264
1 0.644385 0.251748 0.672631 0.251748 0.672631 0.262768 0.644385 0.262768
1 0.732963 0.245179 0.751885 0.245179 0.751885 0.255351 0.732963 0.255351
1 0.830317 0.246451 0.848691 0.246451 0.848691 0.256198 0.830317 0.256198
1 0.777115 0.308540 0.807281 0.308540 0.807281 0.317864 0.777115 0.317864
1 0.778486 0.323374 0.807555 0.323374 0.807555 0.333969 0.778486 0.333969
2 0.712944 0.368934 0.727753 0.368934 0.727753 0.380801 0.712944 0.380801
1 0.627237 0.298311 0.627237 0.289437 0.639183 0.289437 0.639183 0.298311
1 0.671014 0.288302 0.681847 0.277588 0.692036 0.283739 0.681203 0.294453
1 0.752876 0.278339 0.763949 0.288905 0.753900 0.295193 0.742827 0.284626
1 0.514573 0.502730 0.514573 0.483323 0.526798 0.483323 0.526798 0.502730
1 0.515457 0.575212 0.515457 0.560659 0.527074 0.560659 0.527074 0.575212
1 0.390789 0.431818 0.390789 0.424206 0.402628 0.424206 0.402628 0.431818
1 0.390105 0.458245 0.390105 0.444036 0.403212 0.444036 0.403212 0.458245
1 0.390233 0.516131 0.390233 0.501922 0.403339 0.501922 0.403339 0.516131
1 0.390333 0.555497 0.390333 0.548180 0.403467 0.548180 0.403467 0.555497
0 0.132353 0.136364 0.576471 0.136364 0.576471 0.391667 0.132353 0.391667
0 0.602941 0.173485 0.865686 0.173485 0.865686 0.387121 0.602941 0.387121
0 0.595098 0.414394 0.884314 0.414394 0.884314 0.587121 0.595098 0.587121
0 0.126471 0.390152 0.536275 0.390152 0.536275 0.604545 0.126471 0.604545
0 0.325490 0.578030 0.736275 0.578030 0.736275 0.876515 0.325490 0.876515