1 0.397025 0.210850 0.447758 0.210850 0.447758 0.229286 0.397025 0.229286
1 0.368230 0.238822 0.397847 0.238822 0.397847 0.255139 0.368230 0.255139
1 0.459276 0.261284 0.472988 0.261284 0.472988 0.273999 0.459276 0.273999
1 0.490539 0.240729 0.525093 0.240729 0.525093 0.257258 0.490539 0.257258
1 0.496846 0.261708 0.511381 0.261708 0.511381 0.274634 0.496846 0.274634
1 0.533594 0.260225 0.546483 0.260225 0.546483 0.274211 0.533594 0.274211
1 0.570067 0.262132 0.583230 0.262132 0.583230 0.274846 0.570067 0.274846
1 0.461470 0.452638 0.500960 0.452638 0.500960 0.469167 0.461470 0.469167
1 0.391814 0.453910 0.407994 0.453910 0.407994 0.468531 0.391814 0.468531
1 0.399493 0.477220 0.433772 0.477220 0.433772 0.492477 0.399493 0.492477
1 0.499589 0.503285 0.541821 0.503285 0.541821 0.520025 0.499589 0.520025
1 0.273893 0.452426 0.326546 0.452426 0.326546 0.469379 0.273893 0.469379
2 0.353970 0.417461 0.377005 0.417461 0.377005 0.441831 0.353970 0.441831
1 0.111053 0.350094 0.162762 0.350094 0.162762 0.366184 0.111053 0.366184
2 0.244394 0.261114 0.270694 0.261114 0.270694 0.283977 0.244394 0.283977
1 0.678662 0.471658 0.754556 0.471658 0.754556 0.491266 0.678662 0.491266
2 0.786621 0.471480 0.814302 0.471480 0.814302 0.493939 0.786621 0.493939
2 0.769890 0.398467 0.797160 0.398467 0.797160 0.423023 0.769890 0.423023
2 0.687401 0.243295 0.716024 0.243295 0.716024 0.269244 0.687401 0.269244
1 0.530129 0.574279 0.565200 0.574279 0.565200 0.590047 0.530129 0.590047
1 0.616850 0.533875 0.661167 0.533875 0.661167 0.550136 0.616850 0.550136
2 0.637255 0.420928 0.664797 0.420928 0.664797 0.447013 0.637255 0.447013
1 0.630090 0.718240 0.658371 0.718240 0.658371 0.735140 0.630090 0.735140
1 0.085561 0.379969 0.085561 0.357143 0.103387 0.357143 0.103387 0.379969
1 0.231182 0.361451 0.273650 0.353270 0.279007 0.369872 0.236540 0.378054
1 0.305470 0.373604 0.305470 0.362500 0.325410 0.362500 0.325410 0.373604
1 0.449394 0.331774 0.449394 0.321650 0.465927 0.321650 0.465927 0.331774
1 0.486240 0.374394 0.486240 0.364270 0.502772 0.364270 0.502772 0.374394
1 0.449693 0.415717 0.449693 0.405593 0.466225 0.405593 0.466225 0.415717
1 0.504202 0.658599 0.504202 0.638568 0.525400 0.638568 0.525400 0.658599
1 0.708091 0.360746 0.708091 0.350623 0.724624 0.350623 0.724624 0.360746
1 0.706811 0.388333 0.706811 0.378210 0.723343 0.378210 0.723343 0.388333
1 0.737387 0.417578 0.748226 0.381297 0.768666 0.384943 0.757826 0.421224
1 0.776446 0.315804 0.788103 0.351933 0.767750 0.355854 0.756092 0.319725
1 0.840407 0.379555 0.840407 0.357649 0.861474 0.357649 0.861474 0.379555
1 0.874867 0.378949 0.874867 0.357043 0.895934 0.357043 0.895934 0.378949
1 0.814107 0.237898 0.828877 0.237898 0.828877 0.253837 0.814107 0.253837
0 0.073529 0.197917 0.915441 0.197917 0.915441 0.527462 0.073529 0.527462
0 0.492647 0.528409 0.794118 0.528409 0.794118 0.762311 0.492647 0.762311
0 0.162990 0.571023 0.435049 0.571023 0.435049 0.760417 0.162990 0.760417