1 0.508170 0.207492 0.535403 0.207492 0.535403 0.221380 0.508170 0.221380
1 0.509804 0.223643 0.533497 0.223643 0.533497 0.236900 0.509804 0.236900
1 0.511438 0.240530 0.533701 0.240530 0.533701 0.252367 0.511438 0.252367
2 0.524480 0.321028 0.541355 0.321028 0.541355 0.339578 0.524480 0.339578
1 0.404456 0.442241 0.428699 0.442241 0.428699 0.454545 0.404456 0.454545
1 0.620024 0.442057 0.643791 0.442057 0.643791 0.454729 0.620024 0.454729
1 0.636185 0.379247 0.670172 0.379247 0.670172 0.392103 0.636185 0.392103
1 0.225143 0.621078 0.250477 0.621078 0.250477 0.634755 0.225143 0.634755
2 0.549308 0.563280 0.570069 0.563280 0.570069 0.584002 0.549308 0.584002
2 0.733276 0.526738 0.754037 0.526738 0.754037 0.544563 0.733276 0.544563
2 0.682238 0.540107 0.703287 0.540107 0.703287 0.555927 0.682238 0.555927
2 0.726500 0.611019 0.743137 0.611019 0.743137 0.628834 0.726500 0.628834
1 0.795541 0.619379 0.818786 0.619379 0.818786 0.632576 0.795541 0.632576
1 0.504586 0.763441 0.538109 0.763441 0.538109 0.776271 0.504586 0.776271
1 0.404589 0.370143 0.403918 0.340434 0.420723 0.340208 0.421394 0.369916
1 0.431373 0.364030 0.431373 0.343648 0.447268 0.343648 0.447268 0.364030
1 0.626617 0.320116 0.627055 0.300693 0.642738 0.300905 0.642299 0.320328
1 0.610763 0.365893 0.611318 0.341335 0.628186 0.341563 0.627631 0.366120
1 0.574468 0.364926 0.574941 0.343973 0.590272 0.344180 0.589799 0.365133
1 0.672507 0.386525 0.673119 0.359444 0.688729 0.359654 0.688117 0.386735
1 0.606967 0.430864 0.619942 0.419729 0.632305 0.428331 0.619331 0.439466
1 0.535496 0.506557 0.566591 0.479871 0.582021 0.490607 0.550926 0.517293
1 0.477331 0.555659 0.514445 0.577270 0.501949 0.590083 0.464835 0.568473
1 0.350665 0.462022 0.362930 0.469697 0.350374 0.481679 0.338109 0.474004
1 0.318419 0.496081 0.332223 0.480846 0.347578 0.489154 0.333773 0.504389
1 0.275058 0.483564 0.311136 0.493711 0.303833 0.509214 0.267756 0.499067
1 0.280429 0.518582 0.307609 0.538864 0.295425 0.548613 0.268245 0.528332
1 0.259703 0.567470 0.273400 0.551172 0.288287 0.558642 0.274589 0.574941
1 0.320085 0.596531 0.383648 0.585192 0.388671 0.602003 0.325108 0.613342
1 0.320641 0.659926 0.365520 0.666667 0.362104 0.680244 0.317225 0.673503
1 0.304537 0.645745 0.318165 0.648370 0.314333 0.660248 0.300704 0.657622
1 0.299668 0.696697 0.332963 0.725272 0.319380 0.734722 0.286085 0.706148
1 0.258281 0.731151 0.278949 0.717267 0.290730 0.727739 0.270061 0.741623
1 0.180022 0.736275 0.180022 0.715113 0.197979 0.715113 0.197979 0.736275
1 0.698502 0.651825 0.742863 0.643278 0.747194 0.656699 0.702833 0.665246
1 0.713885 0.726761 0.748189 0.698335 0.762516 0.708658 0.728211 0.737084
1 0.762476 0.717694 0.786345 0.731095 0.775456 0.742676 0.751588 0.729275
1 0.826275 0.629394 0.826275 0.601446 0.843955 0.601446 0.843955 0.629394
0 0.121176 0.198788 0.866275 0.198788 0.866275 0.792727 0.121176 0.792727