2 0.334967 0.242424 0.376634 0.242424 0.376634 0.280303 0.334967 0.280303
2 0.745915 0.275253 0.778595 0.275253 0.778595 0.315025 0.745915 0.315025
2 0.790850 0.313763 0.823529 0.313763 0.823529 0.345328 0.790850 0.345328
2 0.750817 0.647727 0.792484 0.647727 0.792484 0.683081 0.750817 0.683081
2 0.128268 0.647096 0.169935 0.647096 0.169935 0.678662 0.128268 0.678662
2 0.077614 0.467803 0.111111 0.467803 0.111111 0.501263 0.077614 0.501263
1 0.216852 0.705446 0.254971 0.705446 0.254971 0.723670 0.216852 0.723670
1 0.311737 0.705446 0.346291 0.705446 0.346291 0.722187 0.311737 0.722187
1 0.402235 0.704175 0.435418 0.704175 0.435418 0.721339 0.402235 0.721339
1 0.429384 0.741047 0.497669 0.741047 0.497669 0.757576 0.429384 0.757576
1 0.492733 0.703751 0.526189 0.703751 0.526189 0.720704 0.492733 0.720704
1 0.581311 0.703751 0.617784 0.703751 0.617784 0.721339 0.581311 0.721339
1 0.671260 0.703327 0.708556 0.703327 0.708556 0.721551 0.671260 0.721551
1 0.842430 0.406435 0.842430 0.373633 0.870325 0.373633 0.870325 0.406435
1 0.844855 0.471415 0.844855 0.439569 0.869945 0.439569 0.869945 0.471415
1 0.843667 0.540162 0.843667 0.508316 0.868757 0.508316 0.868757 0.540162
1 0.845713 0.609847 0.845713 0.578001 0.870803 0.578001 0.870803 0.609847
0 0.062325 0.228355 0.891457 0.228355 0.891457 0.777056 0.062325 0.777056