1 0.407933 0.150644 0.432499 0.150644 0.432499 0.165273 0.407933 0.165273
1 0.274966 0.302326 0.321781 0.302326 0.321781 0.317125 0.274966 0.317125
1 0.433958 0.309108 0.457983 0.309108 0.457983 0.321928 0.433958 0.321928
1 0.441320 0.353904 0.464506 0.353904 0.464506 0.367839 0.441320 0.367839
1 0.342116 0.366463 0.366616 0.366463 0.366616 0.380070 0.342116 0.380070
1 0.554850 0.369878 0.582210 0.369878 0.582210 0.384677 0.554850 0.384677
1 0.549785 0.461720 0.586334 0.461720 0.586334 0.475842 0.549785 0.475842
1 0.070970 0.532180 0.108103 0.532180 0.108103 0.546795 0.070970 0.546795
1 0.097172 0.560338 0.136214 0.560338 0.136214 0.573880 0.097172 0.573880
1 0.268263 0.586618 0.293771 0.586618 0.293771 0.600697 0.268263 0.600697
1 0.433623 0.588470 0.458146 0.588470 0.458146 0.601583 0.433623 0.601583
1 0.731691 0.365838 0.745601 0.365838 0.745601 0.378917 0.731691 0.378917
1 0.877828 0.364154 0.891738 0.364154 0.891738 0.376716 0.877828 0.376716
2 0.542140 0.703349 0.564843 0.703349 0.564843 0.723020 0.542140 0.723020
2 0.543172 0.780968 0.562436 0.780968 0.562436 0.801435 0.543172 0.801435
2 0.628139 0.806220 0.648091 0.806220 0.648091 0.824561 0.628139 0.824561
2 0.782594 0.699894 0.801170 0.699894 0.801170 0.719830 0.782594 0.719830
2 0.751634 0.632642 0.772274 0.632642 0.772274 0.651781 0.751634 0.651781
2 0.820777 0.598086 0.844857 0.598086 0.844857 0.618022 0.820777 0.618022
1 0.573480 0.392151 0.613617 0.386123 0.617126 0.400073 0.576990 0.406102
1 0.585323 0.493785 0.585323 0.474807 0.602332 0.474807 0.602332 0.493785
1 0.584307 0.448173 0.584307 0.429195 0.601316 0.429195 0.601316 0.448173
1 0.160418 0.469212 0.192852 0.486761 0.180682 0.500192 0.148248 0.482643
1 0.249524 0.468066 0.249524 0.437470 0.270742 0.437470 0.270742 0.468066
1 0.333103 0.471583 0.368382 0.485473 0.358749 0.500082 0.323470 0.486192
1 0.377815 0.483549 0.413094 0.469659 0.422727 0.484268 0.387448 0.498158
1 0.402009 0.513672 0.421205 0.540432 0.402647 0.548380 0.383451 0.521621
1 0.249070 0.571155 0.251142 0.540601 0.272331 0.541459 0.270259 0.572013
1 0.068259 0.203495 0.067181 0.191586 0.080748 0.190853 0.081825 0.202761
1 0.067175 0.252627 0.067175 0.234370 0.082367 0.234370 0.082367 0.252627
1 0.066523 0.294664 0.066523 0.283759 0.082492 0.283759 0.082492 0.294664
1 0.212478 0.336303 0.212478 0.314111 0.230207 0.314111 0.230207 0.336303
1 0.576785 0.220858 0.576785 0.203274 0.596823 0.203274 0.596823 0.220858
1 0.609847 0.256138 0.609847 0.237394 0.626667 0.237394 0.626667 0.256138
1 0.579304 0.287686 0.579304 0.268943 0.596124 0.268943 0.596124 0.287686
1 0.522343 0.321237 0.545416 0.304611 0.557670 0.314765 0.534597 0.331391
1 0.535143 0.139380 0.560226 0.156833 0.546490 0.168622 0.521406 0.151169
0 0.665775 0.358678 0.905348 0.358678 0.905348 0.590083 0.665775 0.590083
0 0.511765 0.590476 0.907283 0.590476 0.907283 0.874459 0.511765 0.874459
0 0.063585 0.346320 0.636134 0.346320 0.636134 0.619048 0.063585 0.619048
0 0.055742 0.123810 0.658543 0.123810 0.658543 0.340260 0.055742 0.340260