1 0.192899 0.369096 0.217453 0.369096 0.217453 0.382746 0.192899 0.382746
1 0.287228 0.369233 0.311606 0.369233 0.311606 0.382883 0.287228 0.382883
1 0.380321 0.371007 0.404522 0.371007 0.404522 0.384111 0.380321 0.384111
1 0.376082 0.346847 0.407525 0.346847 0.407525 0.361316 0.376082 0.361316
1 0.471295 0.370734 0.496379 0.370734 0.496379 0.385203 0.471295 0.385203
1 0.664681 0.383391 0.722264 0.383391 0.722264 0.396433 0.664681 0.396433
1 0.777612 0.514384 0.800943 0.514384 0.800943 0.527810 0.777612 0.527810
1 0.865130 0.470379 0.865130 0.447174 0.883854 0.447174 0.883854 0.470379
2 0.218487 0.572872 0.247432 0.572872 0.247432 0.595719 0.218487 0.595719
2 0.358543 0.697451 0.385310 0.697451 0.385310 0.723184 0.358543 0.723184
2 0.489262 0.690476 0.511983 0.690476 0.511983 0.713083 0.489262 0.713083
2 0.736072 0.755892 0.760971 0.755892 0.760971 0.777778 0.736072 0.777778
0 0.101901 0.127640 0.647356 0.127640 0.647356 0.275482 0.101901 0.275482
0 0.095960 0.332415 0.636661 0.332415 0.636661 0.520661 0.095960 0.520661
0 0.653298 0.366391 0.913547 0.366391 0.913547 0.540863 0.653298 0.540863
0 0.263422 0.503509 0.824421 0.743802 0.708078 0.905987 0.147079 0.665695