1 0.461060 0.263444 0.497929 0.263444 0.497929 0.277529 0.461060 0.277529
1 0.419890 0.341115 0.460937 0.341115 0.460937 0.356208 0.419890 0.356208
1 0.510906 0.391967 0.526221 0.391967 0.526221 0.406670 0.510906 0.406670
2 0.423891 0.393863 0.449174 0.393863 0.449174 0.415395 0.423891 0.415395
1 0.166282 0.403050 0.189607 0.403050 0.189607 0.426223 0.166282 0.426223
1 0.076060 0.461081 0.115532 0.461081 0.115532 0.477520 0.076060 0.477520
1 0.085544 0.483066 0.126041 0.483066 0.126041 0.498515 0.085544 0.498515
1 0.140395 0.550802 0.181148 0.550802 0.181148 0.565657 0.140395 0.565657
2 0.254710 0.511586 0.284186 0.511586 0.284186 0.535354 0.254710 0.535354
2 0.406574 0.697638 0.431661 0.697638 0.431661 0.720143 0.406574 0.720143
1 0.435121 0.683601 0.474913 0.683601 0.474913 0.699421 0.435121 0.699421
2 0.683384 0.729550 0.713079 0.729550 0.713079 0.753372 0.683384 0.753372
2 0.704157 0.513721 0.726206 0.513721 0.726206 0.538041 0.704157 0.538041
2 0.622505 0.319410 0.652005 0.319410 0.652005 0.343571 0.622505 0.343571
1 0.549267 0.688327 0.588200 0.688327 0.588200 0.703205 0.549267 0.703205
1 0.850032 0.494505 0.890756 0.494505 0.890756 0.509824 0.850032 0.509824
1 0.832579 0.540959 0.876104 0.540959 0.876104 0.555944 0.832579 0.555944
1 0.863681 0.594488 0.904276 0.594488 0.904276 0.609106 0.863681 0.609106
1 0.337651 0.324861 0.361286 0.296738 0.378098 0.305174 0.354463 0.333298
1 0.485088 0.335962 0.507885 0.284800 0.530747 0.290882 0.507949 0.342044
1 0.595863 0.301789 0.614414 0.328749 0.593450 0.337363 0.574899 0.310403
1 0.649490 0.396607 0.671885 0.408724 0.660952 0.420789 0.638557 0.408672
1 0.774101 0.297822 0.812500 0.297822 0.812500 0.312816 0.774101 0.312816
1 0.855392 0.305871 0.914828 0.305871 0.914828 0.321338 0.855392 0.321338
1 0.793074 0.468449 0.805367 0.442352 0.827559 0.448593 0.815267 0.474691
1 0.897313 0.538851 0.897313 0.511079 0.920930 0.511079 0.920930 0.538851
1 0.833383 0.572975 0.843891 0.599533 0.821306 0.604869 0.810798 0.578310
1 0.657600 0.627284 0.627804 0.642814 0.614597 0.627685 0.644394 0.612154
1 0.653181 0.565863 0.616406 0.557175 0.623022 0.540453 0.659797 0.549141
1 0.672229 0.541991 0.632267 0.539290 0.634195 0.522263 0.674157 0.524964
1 0.672731 0.505623 0.632836 0.508863 0.630524 0.491865 0.670419 0.488625
1 0.334697 0.502487 0.295320 0.496573 0.299541 0.479794 0.338918 0.485709
1 0.323954 0.408585 0.290697 0.425918 0.278329 0.411748 0.311585 0.394415
1 0.135184 0.457307 0.128218 0.426781 0.150001 0.423813 0.156967 0.454339
1 0.315949 0.549047 0.272720 0.556147 0.268340 0.540224 0.311569 0.533124
1 0.319260 0.636373 0.296703 0.623710 0.309679 0.609909 0.332235 0.622573
1 0.106845 0.566326 0.094663 0.599153 0.074413 0.594666 0.086595 0.561839
1 0.377543 0.740566 0.358181 0.713575 0.377868 0.705142 0.397230 0.732134
1 0.617839 0.725163 0.593251 0.749481 0.575515 0.738773 0.600103 0.714455
0 0.057041 0.236915 0.980392 0.236915 0.980392 0.783747 0.057041 0.783747