1 0.258787 0.125786 0.288568 0.125786 0.288568 0.137936 0.258787 0.137936
1 0.258417 0.148942 0.289493 0.148942 0.289493 0.161664 0.258417 0.161664
1 0.106671 0.158061 0.126276 0.156201 0.128191 0.168254 0.108586 0.170114
1 0.133333 0.471990 0.154637 0.471990 0.154637 0.483047 0.133333 0.483047
1 0.222682 0.469533 0.243985 0.469533 0.243985 0.481491 0.222682 0.481491
1 0.312984 0.467273 0.333969 0.467273 0.333969 0.480999 0.312984 0.480999
1 0.316074 0.447056 0.334862 0.447056 0.334862 0.458809 0.316074 0.458809
1 0.415920 0.447120 0.468251 0.447120 0.468251 0.459763 0.415920 0.459763
1 0.496689 0.449729 0.544734 0.449729 0.544734 0.461469 0.496689 0.461469
1 0.499529 0.495040 0.535918 0.495040 0.535918 0.506780 0.499529 0.506780
1 0.422728 0.564027 0.444234 0.564027 0.444234 0.576735 0.422728 0.576735
1 0.104886 0.565226 0.126101 0.565226 0.126101 0.576552 0.104886 0.576552
1 0.873573 0.488378 0.912473 0.488378 0.912473 0.500913 0.873573 0.500913
2 0.483469 0.598098 0.498497 0.598098 0.498497 0.610706 0.483469 0.610706
2 0.273956 0.743179 0.288287 0.743179 0.288287 0.757072 0.273956 0.757072
2 0.506695 0.836105 0.521760 0.836105 0.521760 0.849778 0.506695 0.849778
2 0.666137 0.696833 0.679562 0.696833 0.679562 0.709255 0.666137 0.709255
1 0.057464 0.330584 0.057464 0.315321 0.073179 0.315321 0.073179 0.330584
1 0.475045 0.208632 0.475045 0.192837 0.488829 0.192837 0.488829 0.208632
1 0.475282 0.328375 0.475282 0.304812 0.488996 0.304812 0.488996 0.328375
1 0.508960 0.328871 0.508960 0.305308 0.522674 0.305308 0.522674 0.328871
1 0.463495 0.539608 0.463495 0.522631 0.476930 0.522631 0.476930 0.539608
1 0.431593 0.554010 0.431593 0.537660 0.445015 0.537660 0.445015 0.554010
1 0.071910 0.543135 0.071910 0.526785 0.085332 0.526785 0.085332 0.543135
0 0.041176 0.117576 0.566667 0.117576 0.566667 0.487273 0.041176 0.487273
0 0.062092 0.502525 0.488562 0.502525 0.488562 0.580808 0.062092 0.580808
0 0.496732 0.486742 0.917484 0.486742 0.917484 0.565025 0.496732 0.565025
0 0.169247 0.709729 0.484004 0.563796 0.848297 0.731260 0.489164 0.910686