1 0.464423 0.219619 0.489893 0.219619 0.489893 0.236801 0.464423 0.236801
1 0.183245 0.244986 0.213314 0.244986 0.213314 0.261065 0.183245 0.261065
1 0.260647 0.237477 0.273795 0.237477 0.273795 0.251701 0.260647 0.251701
1 0.292203 0.237477 0.306037 0.237477 0.306037 0.252938 0.292203 0.252938
2 0.401012 0.299976 0.420304 0.299976 0.420304 0.319526 0.401012 0.319526
1 0.344719 0.369257 0.395003 0.369257 0.395003 0.384775 0.344719 0.384775
1 0.525075 0.379295 0.550878 0.379295 0.550878 0.394953 0.525075 0.394953
1 0.550441 0.359806 0.601319 0.359806 0.601319 0.374676 0.550441 0.374676
2 0.641847 0.378619 0.664589 0.378619 0.664589 0.398107 0.641847 0.398107
1 0.590646 0.249677 0.617518 0.249677 0.617518 0.264580 0.590646 0.264580
1 0.667020 0.248783 0.689135 0.248783 0.689135 0.263984 0.667020 0.263984
1 0.750723 0.229111 0.782482 0.229111 0.782482 0.244610 0.750723 0.244610
2 0.542130 0.455501 0.565095 0.455501 0.565095 0.475157 0.542130 0.475157
1 0.646529 0.449768 0.661544 0.449768 0.661544 0.464919 0.646529 0.464919
1 0.341000 0.610082 0.364232 0.610082 0.364232 0.625592 0.341000 0.625592
2 0.323158 0.673417 0.344531 0.673417 0.344531 0.693092 0.323158 0.693092
1 0.175794 0.692921 0.218560 0.692921 0.218560 0.708856 0.175794 0.708856
1 0.190162 0.715125 0.235801 0.715125 0.235801 0.731322 0.190162 0.731322
1 0.313049 0.714342 0.355646 0.714342 0.355646 0.729363 0.313049 0.729363
1 0.458095 0.750067 0.497137 0.750067 0.497137 0.765889 0.458095 0.765889
1 0.610793 0.714401 0.642894 0.714401 0.642894 0.731563 0.610793 0.731563
2 0.608364 0.669214 0.631268 0.669214 0.631268 0.689595 0.608364 0.689595
1 0.729440 0.708459 0.773488 0.708459 0.773488 0.725406 0.729440 0.725406
1 0.204214 0.323985 0.204214 0.300129 0.224239 0.300129 0.224239 0.323985
1 0.204472 0.397202 0.204472 0.373346 0.224497 0.373346 0.224497 0.397202
1 0.714189 0.301327 0.714189 0.288124 0.734664 0.288124 0.734664 0.301327
1 0.713719 0.324330 0.713719 0.311127 0.734195 0.311127 0.734195 0.324330
1 0.763490 0.336137 0.763490 0.322935 0.783966 0.322935 0.783966 0.336137
1 0.761612 0.405718 0.761612 0.386626 0.782932 0.386626 0.782932 0.405718
1 0.484561 0.411662 0.484561 0.398459 0.505037 0.398459 0.505037 0.411662
1 0.795770 0.505939 0.795770 0.478026 0.818845 0.478026 0.818845 0.505939
1 0.762180 0.587209 0.762180 0.559296 0.785255 0.559296 0.785255 0.587209
1 0.717823 0.694141 0.717823 0.660104 0.741046 0.660104 0.741046 0.694141
1 0.165785 0.661882 0.165785 0.627022 0.186963 0.627022 0.186963 0.661882
1 0.201465 0.662148 0.201465 0.643030 0.222394 0.643030 0.222394 0.662148
0 0.142974 0.208333 0.858660 0.208333 0.858660 0.789141 0.142974 0.789141