1 0.427898 0.132144 0.461157 0.132144 0.461157 0.144035 0.427898 0.144035
1 0.488955 0.151132 0.509556 0.151132 0.509556 0.162831 0.488955 0.162831
1 0.355671 0.151323 0.388186 0.151323 0.388186 0.163023 0.355671 0.163023
1 0.297841 0.201764 0.329362 0.201764 0.329362 0.214039 0.297841 0.214039
1 0.536858 0.243959 0.568876 0.243959 0.568876 0.256425 0.536858 0.256425
1 0.426008 0.488708 0.457085 0.488708 0.457085 0.501572 0.426008 0.501572
1 0.431188 0.506289 0.452645 0.506289 0.452645 0.517296 0.431188 0.517296
1 0.290788 0.508862 0.329449 0.508862 0.329449 0.520583 0.290788 0.520583
2 0.650009 0.637034 0.668575 0.637034 0.668575 0.653526 0.650009 0.653526
2 0.712823 0.707562 0.728614 0.707562 0.728614 0.721239 0.712823 0.721239
2 0.303224 0.646465 0.317865 0.646465 0.317865 0.660067 0.303224 0.660067
2 0.529281 0.816566 0.544444 0.816566 0.544444 0.829495 0.529281 0.829495
1 0.233306 0.524476 0.233797 0.502749 0.250861 0.502979 0.250371 0.524706
1 0.620641 0.547843 0.620994 0.532218 0.638639 0.532456 0.638286 0.548081
1 0.619874 0.452962 0.620227 0.437337 0.637872 0.437575 0.637519 0.453200
1 0.621622 0.417827 0.621901 0.405461 0.639387 0.405697 0.639107 0.418063
1 0.622858 0.389708 0.623213 0.374012 0.640192 0.374241 0.639837 0.389937
1 0.622152 0.357903 0.622455 0.344459 0.640114 0.344697 0.639811 0.358142
1 0.624978 0.330467 0.625356 0.313722 0.640390 0.313925 0.640012 0.330670
1 0.624801 0.297434 0.625094 0.284453 0.639959 0.284654 0.639666 0.297634
1 0.625685 0.264810 0.626047 0.248778 0.640058 0.248967 0.639696 0.264999
1 0.553902 0.213699 0.554264 0.197667 0.568275 0.197856 0.567913 0.213888
1 0.495130 0.271935 0.495663 0.248325 0.512127 0.248547 0.511594 0.272157
1 0.544086 0.140622 0.575612 0.140622 0.575612 0.153298 0.544086 0.153298
1 0.269712 0.216634 0.270119 0.198632 0.286681 0.198855 0.286274 0.216858
1 0.270338 0.243230 0.270729 0.225919 0.286731 0.226135 0.286340 0.243446
1 0.229662 0.277079 0.230206 0.253016 0.247774 0.253253 0.247230 0.277316
1 0.382253 0.311539 0.423566 0.319498 0.418867 0.334060 0.377555 0.326100
0 0.707983 0.165584 0.785014 0.165584 0.785014 0.484848 0.707983 0.484848
0 0.217787 0.121212 0.654762 0.121212 0.654762 0.478355 0.217787 0.478355
0 0.219188 0.484848 0.671569 0.484848 0.671569 0.572511 0.219188 0.572511
0 0.248599 0.600649 0.735994 0.600649 0.735994 0.847403 0.248599 0.847403