1 0.227488 0.216367 0.250468 0.216367 0.250468 0.228720 0.227488 0.228720
2 0.163544 0.225632 0.185775 0.225632 0.185775 0.244354 0.163544 0.244354
2 0.654115 0.218877 0.675596 0.218877 0.675596 0.238950 0.654115 0.238950
1 0.732547 0.193399 0.756775 0.193399 0.756775 0.206138 0.732547 0.206138
1 0.755526 0.212121 0.777507 0.212121 0.777507 0.225439 0.755526 0.225439
2 0.801486 0.333719 0.822218 0.333719 0.822218 0.353214 0.801486 0.353214
2 0.268758 0.414545 0.289673 0.414545 0.289673 0.432525 0.268758 0.432525
2 0.442614 0.413737 0.464314 0.413737 0.464314 0.431717 0.442614 0.431717
2 0.167145 0.495787 0.183788 0.495787 0.183788 0.514560 0.167145 0.514560
1 0.207891 0.600443 0.230655 0.600443 0.230655 0.612860 0.207891 0.612860
1 0.230081 0.621582 0.252463 0.621582 0.252463 0.633703 0.230081 0.633703
1 0.329563 0.613782 0.383673 0.613782 0.383673 0.627477 0.329563 0.627477
1 0.731793 0.598124 0.755135 0.598124 0.755135 0.609848 0.731793 0.609848
2 0.797386 0.596140 0.818161 0.596140 0.818161 0.614899 0.797386 0.614899
1 0.150624 0.301653 0.150624 0.278409 0.167781 0.278409 0.167781 0.301653
1 0.799191 0.279105 0.799191 0.255861 0.816348 0.255861 0.816348 0.279105
1 0.824551 0.298998 0.824551 0.275754 0.841708 0.275754 0.841708 0.298998
1 0.800173 0.568627 0.800173 0.549602 0.816142 0.549602 0.816142 0.568627
1 0.471728 0.551797 0.471728 0.542130 0.488180 0.542130 0.488180 0.551797
1 0.473376 0.589481 0.473376 0.579814 0.489827 0.579814 0.489827 0.589481
1 0.462319 0.630109 0.468948 0.621911 0.482900 0.628648 0.476271 0.636846
1 0.403238 0.701360 0.414577 0.687339 0.429065 0.694334 0.417727 0.708356
1 0.410434 0.752659 0.424913 0.759925 0.416525 0.769905 0.402046 0.762639
1 0.491174 0.728792 0.501824 0.734555 0.492417 0.744936 0.481767 0.739173
1 0.489105 0.725040 0.496187 0.716614 0.509941 0.723516 0.502859 0.731942
1 0.565950 0.650786 0.576334 0.656832 0.566464 0.666953 0.556080 0.660906
1 0.117872 0.569140 0.117872 0.551242 0.135651 0.551242 0.135651 0.569140
1 0.143908 0.586297 0.143908 0.568399 0.161687 0.568399 0.161687 0.586297
1 0.217050 0.579798 0.225669 0.569923 0.236196 0.575409 0.227576 0.585284
1 0.276666 0.563170 0.285286 0.553295 0.295812 0.558781 0.287193 0.568656
1 0.314422 0.516761 0.323035 0.506892 0.331530 0.511320 0.322916 0.521188
1 0.273800 0.493838 0.261338 0.486841 0.267361 0.480436 0.279823 0.487432
1 0.280452 0.552305 0.267533 0.545822 0.273114 0.539182 0.286032 0.545665
1 0.242029 0.532890 0.227965 0.525833 0.239576 0.512017 0.253641 0.519074
0 0.109944 0.183983 0.853641 0.183983 0.853641 0.792208 0.109944 0.792208