1 0.228841 0.369198 0.247456 0.369198 0.247456 0.379747 0.228841 0.379747
1 0.314470 0.434216 0.341524 0.434216 0.341524 0.444189 0.314470 0.444189
2 0.348970 0.442846 0.370067 0.442846 0.370067 0.459340 0.348970 0.459340
1 0.358402 0.502301 0.377513 0.502301 0.377513 0.513809 0.358402 0.513809
1 0.357409 0.519563 0.378258 0.519563 0.378258 0.529919 0.357409 0.529919
1 0.423430 0.502110 0.440556 0.502110 0.440556 0.512850 0.423430 0.512850
1 0.548027 0.518796 0.566394 0.518796 0.566394 0.529919 0.548027 0.529919
2 0.576073 0.467012 0.596178 0.467012 0.596178 0.485616 0.576073 0.485616
1 0.672623 0.494822 0.718292 0.494822 0.718292 0.506329 0.672623 0.506329
1 0.742864 0.490027 0.776371 0.490027 0.776371 0.500767 0.742864 0.500767
1 0.738893 0.502301 0.758749 0.502301 0.758749 0.512083 0.738893 0.512083
1 0.739886 0.518028 0.758997 0.518028 0.758997 0.528960 0.739886 0.528960
1 0.805163 0.501534 0.822537 0.501534 0.822537 0.511891 0.805163 0.511891
1 0.767188 0.443805 0.778357 0.443805 0.778357 0.453970 0.767188 0.453970
1 0.844875 0.518220 0.863241 0.518220 0.863241 0.529536 0.844875 0.529536
2 0.665372 0.398942 0.684240 0.398942 0.684240 0.417810 0.665372 0.417810
1 0.593970 0.398513 0.639105 0.398513 0.639105 0.410520 0.593970 0.410520
1 0.655753 0.361921 0.666852 0.361921 0.666852 0.372213 0.655753 0.372213
1 0.610433 0.340766 0.638550 0.340766 0.638550 0.351344 0.610433 0.351344
1 0.702923 0.361206 0.720496 0.361206 0.720496 0.371069 0.702923 0.371069
1 0.733629 0.360778 0.751202 0.360778 0.751202 0.370926 0.733629 0.370926
1 0.766001 0.339766 0.782834 0.339766 0.782834 0.350629 0.766001 0.350629
2 0.795782 0.353631 0.813171 0.353631 0.813171 0.371212 0.795782 0.371212
1 0.825009 0.315180 0.844617 0.315180 0.844617 0.325472 0.825009 0.325472
1 0.104453 0.444633 0.127176 0.444633 0.127176 0.456386 0.104453 0.456386
2 0.198644 0.466723 0.215870 0.466723 0.215870 0.484424 0.198644 0.484424
1 0.213671 0.520249 0.233278 0.520249 0.233278 0.530303 0.213671 0.530303
1 0.242854 0.602442 0.275632 0.602442 0.275632 0.613146 0.242854 0.613146
1 0.357575 0.598975 0.406546 0.598975 0.406546 0.611488 0.357575 0.611488
1 0.450448 0.341555 0.470512 0.341555 0.470512 0.353300 0.450448 0.353300
1 0.177782 0.413241 0.178124 0.398110 0.189965 0.398270 0.189623 0.413400
1 0.178247 0.431164 0.178588 0.416033 0.190429 0.416193 0.190087 0.431324
1 0.160547 0.460143 0.165602 0.432351 0.180539 0.433973 0.175484 0.461765
1 0.071875 0.452615 0.071875 0.434929 0.086380 0.434929 0.086380 0.452615
1 0.102598 0.492542 0.102598 0.484076 0.119566 0.484076 0.119566 0.492542
1 0.242940 0.489427 0.242940 0.480961 0.259908 0.480961 0.259908 0.489427
1 0.283764 0.517109 0.293681 0.500676 0.306396 0.505257 0.296479 0.521691
1 0.211253 0.495850 0.219909 0.516436 0.206074 0.519910 0.197418 0.499324
1 0.348035 0.463456 0.353378 0.476163 0.342853 0.478805 0.337510 0.466099
1 0.367586 0.413764 0.374610 0.439297 0.360710 0.441580 0.353686 0.416047
1 0.373475 0.459961 0.385101 0.447597 0.394039 0.452615 0.382413 0.464979
1 0.478019 0.506659 0.478019 0.497452 0.489159 0.497452 0.489159 0.506659
1 0.626678 0.488581 0.626678 0.479374 0.637818 0.479374 0.637818 0.488581
1 0.723303 0.445882 0.733616 0.456456 0.725953 0.460919 0.715640 0.450344
1 0.728114 0.441030 0.728114 0.428206 0.740206 0.428206 0.740206 0.441030
1 0.728250 0.413962 0.728250 0.401138 0.740342 0.401138 0.740342 0.413962
1 0.790712 0.417414 0.790712 0.409495 0.803813 0.409495 0.803813 0.417414
1 0.791816 0.437900 0.791816 0.422831 0.803581 0.422831 0.803581 0.437900
1 0.817776 0.405036 0.817776 0.395479 0.830229 0.395479 0.830229 0.405036
1 0.818328 0.445298 0.818328 0.431720 0.830181 0.431720 0.830181 0.445298
1 0.840974 0.490539 0.840974 0.481761 0.852963 0.481761 0.852963 0.490539
1 0.796926 0.454572 0.818512 0.446436 0.823316 0.454047 0.801730 0.462182
1 0.881294 0.483853 0.881294 0.470201 0.894340 0.470201 0.894340 0.483853
1 0.845761 0.494793 0.874666 0.508749 0.868168 0.516785 0.839263 0.502828
1 0.823402 0.332655 0.837124 0.350303 0.824235 0.356287 0.810513 0.338640
1 0.903007 0.427071 0.903423 0.408642 0.917058 0.408825 0.916642 0.427255
0 0.062500 0.307765 0.930147 0.307765 0.930147 0.543561 0.062500 0.543561
0 0.196078 0.555871 0.618873 0.555871 0.618873 0.625000 0.196078 0.625000