2 0.499191 0.262418 0.532343 0.262418 0.532343 0.289285 0.499191 0.289285
2 0.683141 0.338644 0.711441 0.338644 0.711441 0.367698 0.683141 0.367698
2 0.732265 0.565164 0.761597 0.565164 0.761597 0.593496 0.732265 0.593496
2 0.737685 0.681202 0.765742 0.681202 0.765742 0.710766 0.737685 0.710766
1 0.838594 0.576349 0.884314 0.576349 0.884314 0.591426 0.838594 0.591426
1 0.477487 0.207183 0.512636 0.207183 0.512636 0.223345 0.477487 0.223345
1 0.759312 0.283105 0.785490 0.303333 0.770146 0.315190 0.743968 0.294961
1 0.567622 0.297169 0.602626 0.306483 0.595562 0.322338 0.560557 0.313024
1 0.605420 0.331055 0.641176 0.343939 0.632064 0.359039 0.596308 0.346155
1 0.518190 0.349446 0.525784 0.382725 0.506214 0.385391 0.498620 0.352112
1 0.458968 0.380391 0.465809 0.347015 0.485436 0.349417 0.478595 0.382793
1 0.435574 0.429299 0.463585 0.459091 0.447390 0.468184 0.419379 0.438392
1 0.393137 0.458004 0.435969 0.474147 0.427194 0.488050 0.384362 0.471908
1 0.555655 0.460594 0.595622 0.440538 0.606525 0.453512 0.566558 0.473568
1 0.703591 0.744419 0.703591 0.724321 0.724494 0.724321 0.724494 0.744419
0 0.153361 0.198052 0.902661 0.198052 0.902661 0.781385 0.153361 0.781385