1 0.227080 0.173423 0.249603 0.173423 0.249603 0.186118 0.227080 0.186118
1 0.344197 0.164824 0.388447 0.164824 0.388447 0.178747 0.344197 0.178747
1 0.221781 0.318591 0.259671 0.318591 0.259671 0.331900 0.221781 0.331900
1 0.228670 0.287674 0.251722 0.287674 0.251722 0.299550 0.228670 0.299550
1 0.289878 0.365889 0.327769 0.365889 0.327769 0.379607 0.289878 0.379607
1 0.231055 0.551392 0.253842 0.551392 0.253842 0.563882 0.231055 0.563882
1 0.230790 0.793202 0.253577 0.793202 0.253577 0.805897 0.230790 0.805897
1 0.496555 0.786855 0.506359 0.786855 0.506359 0.798526 0.496555 0.798526
1 0.368839 0.633702 0.418389 0.633702 0.418389 0.646806 0.368839 0.646806
1 0.506621 0.334514 0.563662 0.334514 0.563662 0.350649 0.506621 0.350649
1 0.074406 0.634168 0.118168 0.634168 0.118168 0.647343 0.074406 0.647343
1 0.134414 0.754935 0.146964 0.730933 0.160941 0.735296 0.148391 0.759298
1 0.337772 0.730609 0.351344 0.754276 0.337563 0.758995 0.323990 0.735328
1 0.175502 0.440974 0.201734 0.457389 0.191674 0.466989 0.165442 0.450574
1 0.281844 0.457245 0.308479 0.441223 0.318299 0.450970 0.291665 0.466992
1 0.257602 0.396574 0.261062 0.422450 0.246278 0.423630 0.242818 0.397755
1 0.166288 0.382667 0.166288 0.373298 0.181254 0.373298 0.181254 0.382667
1 0.166261 0.397599 0.166261 0.389674 0.181254 0.389674 0.181254 0.397599
1 0.384532 0.251852 0.384156 0.235242 0.400029 0.235028 0.400405 0.251638
1 0.377066 0.386599 0.376691 0.369990 0.392564 0.369776 0.392939 0.386385
1 0.377850 0.472054 0.377128 0.440078 0.392534 0.439871 0.393257 0.471846
1 0.400732 0.600882 0.400164 0.575724 0.415626 0.575515 0.416195 0.600673
1 0.383490 0.754651 0.382822 0.725062 0.398968 0.724844 0.399637 0.754433
0 0.597647 0.307273 0.902745 0.307273 0.902745 0.800606 0.597647 0.800606
0 0.445588 0.332576 0.568137 0.332576 0.568137 0.804545 0.445588 0.804545
0 0.101176 0.162424 0.407059 0.162424 0.407059 0.306061 0.101176 0.306061
0 0.069118 0.315152 0.423039 0.315152 0.423039 0.809848 0.069118 0.809848