1 0.372549 0.212821 0.390649 0.212821 0.390649 0.223310 0.372549 0.223310
1 0.252187 0.232168 0.282353 0.232168 0.282353 0.243124 0.252187 0.243124
1 0.375867 0.232634 0.398793 0.232634 0.398793 0.243357 0.375867 0.243357
1 0.480543 0.236364 0.510709 0.236364 0.510709 0.246853 0.480543 0.246853
1 0.518250 0.236364 0.548115 0.236364 0.548115 0.247086 0.518250 0.247086
1 0.503771 0.754312 0.529713 0.754312 0.529713 0.765268 0.503771 0.765268
1 0.631674 0.509091 0.662443 0.509091 0.662443 0.519814 0.631674 0.519814
1 0.811736 0.288245 0.811736 0.265993 0.826173 0.265993 0.826173 0.288245
1 0.520063 0.310592 0.533998 0.299824 0.528053 0.295230 0.514117 0.305998
1 0.561503 0.278708 0.575439 0.267940 0.569493 0.263345 0.555557 0.274114
1 0.720008 0.502525 0.733944 0.491756 0.727998 0.487162 0.714063 0.497930
1 0.762128 0.470941 0.776064 0.460172 0.770118 0.455578 0.756183 0.466346
1 0.726662 0.262541 0.739953 0.273177 0.733425 0.278049 0.720133 0.267413
1 0.768685 0.294339 0.781976 0.304974 0.775448 0.309846 0.762156 0.299210
1 0.567065 0.487177 0.580357 0.497813 0.573829 0.502684 0.560537 0.492048
1 0.525512 0.455593 0.538930 0.466329 0.532809 0.470897 0.519391 0.460160
1 0.603097 0.268233 0.614916 0.271923 0.606418 0.288175 0.594600 0.284485
1 0.684616 0.272139 0.696152 0.267982 0.706062 0.284404 0.694526 0.288561
1 0.788303 0.502510 0.788303 0.480590 0.801679 0.480590 0.801679 0.502510
1 0.787680 0.531153 0.787680 0.509234 0.801055 0.509234 0.801055 0.531153
1 0.812442 0.641445 0.812442 0.612365 0.825113 0.612365 0.825113 0.641445
1 0.793366 0.744828 0.793416 0.722909 0.806792 0.722927 0.806742 0.744846
1 0.213842 0.284803 0.213842 0.262226 0.226946 0.262226 0.226946 0.284803
1 0.218016 0.337009 0.218016 0.319526 0.230821 0.319526 0.230821 0.337009
1 0.182376 0.514026 0.182376 0.493849 0.195690 0.493849 0.195690 0.514026
0 0.178105 0.209596 0.834967 0.209596 0.834967 0.773569 0.178105 0.773569