1 0.629539 0.437917 0.653607 0.437917 0.653607 0.447106 0.629539 0.447106
1 0.538933 0.437261 0.562717 0.437261 0.562717 0.446559 0.538933 0.446559
1 0.646386 0.525435 0.662243 0.525435 0.662243 0.535062 0.646386 0.535062
1 0.633786 0.576633 0.657429 0.576633 0.657429 0.585385 0.633786 0.585385
1 0.529447 0.576414 0.552524 0.576414 0.552524 0.585056 0.529447 0.585056
1 0.663336 0.476253 0.663336 0.464394 0.673954 0.464394 0.673954 0.476253
1 0.489694 0.524031 0.489694 0.506635 0.500456 0.506635 0.500456 0.524031
1 0.507150 0.523284 0.507150 0.507400 0.518149 0.507400 0.518149 0.523284
1 0.462930 0.522044 0.462930 0.509494 0.473618 0.509494 0.473618 0.522044
1 0.494823 0.475315 0.501028 0.459632 0.512372 0.462312 0.506167 0.477995
1 0.486531 0.310534 0.487641 0.294157 0.499488 0.294637 0.498377 0.311014
1 0.464060 0.297223 0.464754 0.287000 0.475723 0.287444 0.475029 0.297667
1 0.316380 0.261865 0.345963 0.251687 0.351089 0.260583 0.321506 0.270761
1 0.291026 0.257627 0.314532 0.238818 0.323827 0.245753 0.300320 0.264562
1 0.517964 0.550753 0.523285 0.566096 0.512661 0.568296 0.507340 0.552953
1 0.603983 0.493790 0.626589 0.497502 0.624210 0.506153 0.601604 0.502440
1 0.639086 0.498668 0.655678 0.498668 0.655678 0.507992 0.639086 0.507992
1 0.671483 0.491572 0.702004 0.498335 0.698729 0.507160 0.668208 0.500397
1 0.591497 0.519065 0.622939 0.515651 0.624593 0.524742 0.593151 0.528156
1 0.664491 0.563725 0.664491 0.551866 0.675109 0.551866 0.675109 0.563725
0 0.060245 0.136813 0.513362 0.136813 0.513362 0.443167 0.060245 0.443167
0 0.086368 0.450697 0.481015 0.450697 0.481015 0.581530 0.086368 0.581530
0 0.486617 0.422318 0.913632 0.422318 0.913632 0.587302 0.486617 0.587302
0 0.313570 0.610390 0.697012 0.610390 0.697012 0.860029 0.313570 0.860029