1 0.534270 0.534862 0.544161 0.534862 0.544161 0.545857 0.534270 0.545857
1 0.451848 0.580182 0.481867 0.580182 0.481867 0.590641 0.451848 0.590641
1 0.720303 0.501512 0.738611 0.482738 0.749540 0.489102 0.731232 0.507876
1 0.687174 0.496672 0.694017 0.473767 0.707351 0.476146 0.700508 0.499051
1 0.635731 0.488663 0.664172 0.516793 0.653156 0.523443 0.624715 0.495314
1 0.702265 0.575465 0.701932 0.560681 0.715133 0.560503 0.715467 0.575287
1 0.884736 0.505604 0.891443 0.526390 0.878392 0.528904 0.871686 0.508119
1 0.912736 0.528898 0.913648 0.542344 0.901039 0.542855 0.900127 0.529409
1 0.892645 0.578252 0.890824 0.591643 0.878267 0.590623 0.880088 0.577232
1 0.438781 0.248120 0.442577 0.268989 0.426932 0.270688 0.423137 0.249819
1 0.367280 0.354552 0.380443 0.341991 0.391402 0.348849 0.378239 0.361410
0 0.089004 0.131907 0.489619 0.131907 0.489619 0.426025 0.089004 0.426025
0 0.095156 0.455140 0.461938 0.455140 0.461938 0.584076 0.095156 0.584076
0 0.449635 0.446821 0.917147 0.446821 0.917147 0.594771 0.449635 0.594771
0 0.265090 0.603684 0.749519 0.603684 0.749519 0.859774 0.265090 0.859774