1 0.475027 0.213478 0.507414 0.213478 0.507414 0.226444 0.475027 0.226444
1 0.415520 0.234283 0.437957 0.234283 0.437957 0.247249 0.415520 0.247249
1 0.543118 0.233982 0.579407 0.233982 0.579407 0.247249 0.543118 0.247249
1 0.457077 0.309362 0.468588 0.309362 0.468588 0.321875 0.457077 0.321875
1 0.514828 0.308756 0.525555 0.308756 0.525555 0.321269 0.514828 0.321269
1 0.480880 0.376753 0.503122 0.376753 0.503122 0.389417 0.480880 0.389417
1 0.510731 0.409920 0.522047 0.409920 0.522047 0.422433 0.510731 0.422433
1 0.337284 0.412785 0.348600 0.412785 0.348600 0.424845 0.337284 0.424845
1 0.399132 0.754259 0.437567 0.754259 0.437567 0.767375 0.399132 0.767375
1 0.549357 0.754859 0.587792 0.754859 0.587792 0.767975 0.549357 0.767975
1 0.636285 0.408288 0.647648 0.408288 0.647648 0.420602 0.636285 0.420602
1 0.299856 0.322900 0.299456 0.305195 0.316180 0.304969 0.316579 0.322674
1 0.248236 0.339578 0.247836 0.321873 0.264560 0.321647 0.264960 0.339352
1 0.157974 0.419823 0.157416 0.395103 0.173558 0.394885 0.174117 0.419605
1 0.652419 0.319540 0.652019 0.301835 0.668743 0.301609 0.669143 0.319314
1 0.794344 0.403120 0.793944 0.385415 0.810668 0.385190 0.811068 0.402894
1 0.795118 0.509277 0.794718 0.491572 0.811442 0.491346 0.811842 0.509051
1 0.794288 0.458086 0.793923 0.441902 0.809653 0.441690 0.810018 0.457873
1 0.795201 0.558616 0.794829 0.542133 0.810951 0.541916 0.811323 0.558399
1 0.795092 0.608770 0.794720 0.592312 0.811725 0.592082 0.812097 0.608540
1 0.796001 0.658940 0.795640 0.642976 0.812369 0.642751 0.812729 0.658715
1 0.796520 0.715834 0.796125 0.698350 0.811958 0.698137 0.812353 0.715620
1 0.634193 0.394675 0.653947 0.371170 0.667540 0.377990 0.647786 0.401496
1 0.387286 0.386760 0.391706 0.414578 0.375620 0.416104 0.371199 0.388286
1 0.274017 0.474003 0.319567 0.483434 0.315197 0.496037 0.269647 0.486606
1 0.434871 0.293220 0.436769 0.321209 0.420584 0.321864 0.418686 0.293875
0 0.153799 0.206439 0.825368 0.206439 0.825368 0.775568 0.153799 0.775568