1 0.084837 0.292929 0.117778 0.292929 0.117778 0.304916 0.084837 0.304916
1 0.226885 0.254680 0.247102 0.254680 0.247102 0.265993 0.226885 0.265993
1 0.189063 0.395421 0.211895 0.395421 0.211895 0.406599 0.189063 0.406599
1 0.225316 0.433535 0.257386 0.433535 0.257386 0.444983 0.225316 0.444983
1 0.311242 0.426801 0.343312 0.426801 0.343312 0.438384 0.311242 0.438384
1 0.446725 0.329241 0.479005 0.329241 0.479005 0.340933 0.446725 0.340933
1 0.630944 0.256840 0.668889 0.256840 0.668889 0.268617 0.630944 0.268617
1 0.435692 0.466836 0.475456 0.466836 0.475456 0.479127 0.435692 0.479127
1 0.686392 0.507268 0.734873 0.507268 0.734873 0.518695 0.686392 0.518695
1 0.611730 0.545880 0.660853 0.545880 0.660853 0.557257 0.611730 0.557257
1 0.205468 0.495722 0.257515 0.495722 0.257515 0.506916 0.205468 0.506916
1 0.239718 0.513952 0.291143 0.513952 0.291143 0.524986 0.239718 0.524986
1 0.278726 0.530823 0.311630 0.530823 0.311630 0.542416 0.278726 0.542416
1 0.295075 0.550892 0.371333 0.550892 0.371333 0.564084 0.295075 0.564084
1 0.342043 0.574655 0.418214 0.574655 0.418214 0.587734 0.342043 0.587734
1 0.209430 0.644372 0.257796 0.644372 0.257796 0.655628 0.209430 0.655628
1 0.208964 0.670924 0.247339 0.670924 0.247339 0.681674 0.208964 0.681674
1 0.593622 0.676324 0.614415 0.676324 0.614415 0.687146 0.593622 0.687146
1 0.598147 0.761072 0.627451 0.761072 0.627451 0.771645 0.598147 0.771645
1 0.699849 0.761239 0.729369 0.761239 0.729369 0.771312 0.699849 0.771312
1 0.365659 0.306923 0.375434 0.310939 0.368554 0.320938 0.358779 0.316922
1 0.399654 0.336569 0.400452 0.301237 0.416045 0.301448 0.415247 0.336779
1 0.395089 0.392591 0.395425 0.377741 0.409866 0.377936 0.409531 0.392786
1 0.646137 0.335181 0.658209 0.313206 0.672972 0.318049 0.660901 0.340024
1 0.777277 0.312087 0.790594 0.331439 0.777905 0.336653 0.764588 0.317300
1 0.818757 0.316620 0.836444 0.342325 0.824188 0.347361 0.806501 0.321656
1 0.725101 0.366372 0.745417 0.373036 0.739468 0.383866 0.719152 0.377202
1 0.726869 0.434391 0.750266 0.451850 0.740109 0.459978 0.716711 0.442519
1 0.394802 0.441995 0.395433 0.414038 0.409545 0.414228 0.408913 0.442185
1 0.346910 0.490498 0.363340 0.453625 0.377151 0.457300 0.360721 0.494172
1 0.437790 0.229477 0.487701 0.229477 0.487701 0.242149 0.437790 0.242149
1 0.770115 0.578655 0.779975 0.583233 0.772604 0.592712 0.762744 0.588134
1 0.379878 0.609281 0.398294 0.604931 0.412355 0.640471 0.393939 0.644822
1 0.444741 0.680140 0.447700 0.701892 0.433240 0.703066 0.430281 0.681314
1 0.411400 0.761430 0.413427 0.739035 0.428884 0.739870 0.426857 0.762266
0 0.077941 0.225758 0.844608 0.225758 0.844608 0.561364 0.077941 0.561364
0 0.125980 0.490152 0.448529 0.490152 0.448529 0.792424 0.125980 0.792424
0 0.546569 0.562121 0.791667 0.562121 0.791667 0.775758 0.546569 0.775758