1 0.509435 0.239037 0.540715 0.239037 0.540715 0.255900 0.509435 0.255900
1 0.275182 0.273506 0.290196 0.273506 0.290196 0.289870 0.275182 0.289870
1 0.761605 0.270224 0.776577 0.270224 0.776577 0.287145 0.761605 0.287145
1 0.740042 0.476906 0.756243 0.476906 0.756243 0.493311 0.740042 0.493311
1 0.752109 0.728309 0.767750 0.728309 0.767750 0.745144 0.752109 0.745144
1 0.704737 0.728827 0.721496 0.728827 0.721496 0.745057 0.704737 0.745057
1 0.266864 0.722508 0.281662 0.722508 0.281662 0.739184 0.266864 0.739184
1 0.147059 0.405913 0.147059 0.382705 0.168675 0.382705 0.168675 0.405913
1 0.095581 0.533762 0.095581 0.510246 0.117035 0.510246 0.117035 0.533762
1 0.152758 0.659742 0.152758 0.636662 0.174012 0.636662 0.174012 0.659742
1 0.152758 0.659742 0.152758 0.636662 0.174012 0.636662 0.174012 0.659742
1 0.858433 0.659443 0.857920 0.636701 0.878535 0.636423 0.879049 0.659165
1 0.858269 0.582574 0.858269 0.570358 0.877396 0.570358 0.877396 0.582574
1 0.857834 0.547007 0.857834 0.535332 0.878357 0.535332 0.878357 0.547007
1 0.853203 0.399406 0.853203 0.376561 0.873553 0.376561 0.873553 0.399406
1 0.656671 0.559793 0.656951 0.547434 0.677997 0.547718 0.677718 0.560077
1 0.441115 0.347517 0.440869 0.336622 0.462294 0.336333 0.462540 0.347228
0 0.088848 0.231061 0.892770 0.231061 0.892770 0.751894 0.088848 0.751894