1 0.613072 0.392525 0.620392 0.392525 0.620392 0.400000 0.613072 0.400000
1 0.604444 0.512929 0.619085 0.512929 0.619085 0.522020 0.604444 0.522020
1 0.533072 0.519394 0.549542 0.519394 0.549542 0.527879 0.533072 0.527879
1 0.469542 0.524444 0.485229 0.524444 0.485229 0.533535 0.469542 0.533535
1 0.406275 0.510707 0.420654 0.510707 0.420654 0.519596 0.406275 0.519596
1 0.504052 0.478182 0.522092 0.478182 0.522092 0.486465 0.504052 0.486465
1 0.498039 0.308889 0.529412 0.308889 0.529412 0.317374 0.498039 0.317374
1 0.723667 0.467463 0.761151 0.467463 0.761151 0.475552 0.723667 0.475552
1 0.610453 0.475071 0.624398 0.496219 0.615157 0.499858 0.601212 0.478710
1 0.396825 0.485801 0.412184 0.465246 0.421165 0.469253 0.405807 0.489809
1 0.374092 0.429844 0.374092 0.406108 0.384463 0.406108 0.384463 0.429844
1 0.406222 0.301167 0.427525 0.311453 0.422242 0.317987 0.400939 0.307700
1 0.405634 0.341662 0.405383 0.330547 0.415427 0.330412 0.415678 0.341527
1 0.351295 0.240793 0.371313 0.236648 0.373950 0.244252 0.353931 0.248397
1 0.252917 0.179905 0.256704 0.196500 0.245996 0.197959 0.242210 0.181364
1 0.338715 0.159195 0.352179 0.165447 0.346647 0.172561 0.333183 0.166309
1 0.256825 0.139818 0.268432 0.145208 0.263445 0.151622 0.251837 0.146233
1 0.094101 0.389744 0.100407 0.379753 0.109436 0.383155 0.103129 0.393147
1 0.116602 0.367052 0.129630 0.373100 0.124846 0.379252 0.111819 0.373204
1 0.091926 0.401189 0.108504 0.408887 0.103254 0.415637 0.086676 0.407940
1 0.212439 0.442087 0.218746 0.432095 0.227774 0.435498 0.221468 0.445490
1 0.283855 0.439759 0.296883 0.445808 0.292099 0.451960 0.279071 0.445911
1 0.253197 0.473292 0.272823 0.482405 0.267925 0.488703 0.248299 0.479591
1 0.294143 0.472522 0.306547 0.455230 0.315166 0.458922 0.302762 0.476214
1 0.281983 0.508026 0.287083 0.492336 0.297755 0.494407 0.292655 0.510097
1 0.128012 0.561371 0.139466 0.555840 0.144635 0.562233 0.133181 0.567763
1 0.106107 0.576931 0.125678 0.578520 0.124674 0.585902 0.105103 0.584312
1 0.397697 0.598301 0.411642 0.619449 0.402401 0.623087 0.388456 0.601939
1 0.244653 0.791706 0.258513 0.785014 0.264171 0.792011 0.250311 0.798703
1 0.253613 0.823791 0.272054 0.814887 0.277837 0.822039 0.259396 0.830943
1 0.242334 0.798074 0.254189 0.814601 0.244293 0.818839 0.232437 0.802313
1 0.281178 0.796407 0.287601 0.805360 0.278904 0.809085 0.272482 0.800132
1 0.431105 0.726216 0.437528 0.735169 0.428831 0.738894 0.422409 0.729941
1 0.395361 0.721657 0.409221 0.714964 0.414879 0.721961 0.401019 0.728654
1 0.372309 0.776541 0.385110 0.770360 0.390898 0.777517 0.378097 0.783698
1 0.403258 0.753464 0.422642 0.744105 0.428462 0.751302 0.409078 0.760662
1 0.598881 0.317736 0.621459 0.309227 0.625830 0.316152 0.603252 0.324661
1 0.739175 0.309186 0.753676 0.309186 0.753676 0.317077 0.739175 0.317077
0 0.419849 0.131313 0.607671 0.131313 0.607671 0.307283 0.419849 0.307283
0 0.063467 0.131845 0.904885 0.131845 0.904885 0.552907 0.063467 0.552907
0 0.066899 0.587171 0.310851 0.478335 0.502408 0.734716 0.258456 0.843551
0 0.598727 0.544923 0.900757 0.544923 0.900757 0.871345 0.598727 0.871345