1 0.183944 0.140708 0.206157 0.140708 0.206157 0.151939 0.183944 0.151939
1 0.276361 0.140496 0.298338 0.140496 0.298338 0.151545 0.276361 0.151545
1 0.344410 0.142009 0.366387 0.142009 0.366387 0.153058 0.344410 0.153058
1 0.412184 0.144581 0.434162 0.144581 0.434162 0.155630 0.412184 0.155630
1 0.489283 0.169616 0.511260 0.169616 0.511260 0.180665 0.489283 0.180665
1 0.351909 0.168501 0.372239 0.168501 0.372239 0.179187 0.351909 0.179187
1 0.189421 0.165463 0.209751 0.165463 0.209751 0.176149 0.189421 0.176149
1 0.338779 0.232616 0.359109 0.232616 0.359109 0.243302 0.338779 0.243302
1 0.483964 0.245852 0.504295 0.245852 0.504295 0.256538 0.483964 0.256538
1 0.185658 0.337084 0.205988 0.337084 0.205988 0.347770 0.185658 0.347770
1 0.340247 0.339355 0.370563 0.339355 0.370563 0.350403 0.340247 0.350403
1 0.341276 0.363636 0.371020 0.363636 0.371020 0.374346 0.341276 0.374346
1 0.104392 0.414165 0.134136 0.414165 0.134136 0.424875 0.104392 0.424875
1 0.563896 0.416950 0.593641 0.416950 0.593641 0.427659 0.563896 0.427659
1 0.584228 0.343871 0.613973 0.343871 0.613973 0.354580 0.584228 0.354580
1 0.664343 0.385011 0.694088 0.385011 0.694088 0.395720 0.664343 0.395720
1 0.792518 0.400681 0.822263 0.400681 0.822263 0.411390 0.792518 0.411390
1 0.723146 0.569921 0.744141 0.569921 0.744141 0.580043 0.723146 0.580043
1 0.864635 0.570901 0.897185 0.570901 0.897185 0.581530 0.864635 0.581530
1 0.569460 0.193122 0.637896 0.193122 0.637896 0.204793 0.569460 0.204793
1 0.848422 0.450941 0.861257 0.469594 0.847985 0.475048 0.835149 0.456394
1 0.637091 0.479336 0.646995 0.465529 0.659285 0.470793 0.649381 0.484600
1 0.696143 0.514495 0.722553 0.503644 0.729467 0.513692 0.703057 0.524543
0 0.133824 0.138636 0.643627 0.138636 0.643627 0.385606 0.133824 0.385606
0 0.101471 0.409848 0.596569 0.409848 0.596569 0.575758 0.101471 0.575758
0 0.606740 0.382829 0.900123 0.382829 0.900123 0.584596 0.606740 0.584596
0 0.259314 0.587121 0.727941 0.587121 0.727941 0.855303 0.259314 0.855303