1 0.722165 0.505138 0.745695 0.505138 0.745695 0.516469 0.722165 0.516469
1 0.724211 0.598946 0.745354 0.598946 0.745354 0.610988 0.724211 0.610988
1 0.858568 0.510672 0.902899 0.510672 0.902899 0.523057 0.858568 0.523057
1 0.829582 0.605534 0.869480 0.605534 0.869480 0.617918 0.829582 0.617918
1 0.723529 0.619763 0.746377 0.619763 0.746377 0.631357 0.723529 0.631357
1 0.723870 0.640316 0.746718 0.640316 0.746718 0.652437 0.723870 0.652437
1 0.617818 0.604480 0.642029 0.604480 0.642029 0.616601 0.617818 0.616601
1 0.296548 0.230251 0.319005 0.230251 0.319005 0.243201 0.296548 0.243201
1 0.190297 0.251748 0.212753 0.251748 0.212753 0.263921 0.190297 0.263921
1 0.257667 0.252525 0.278783 0.252525 0.278783 0.263921 0.257667 0.263921
1 0.336769 0.253820 0.358891 0.253820 0.358891 0.265993 0.336769 0.265993
1 0.282488 0.332665 0.293445 0.332665 0.293445 0.344103 0.282488 0.344103
1 0.325260 0.333259 0.335832 0.333259 0.335832 0.344623 0.325260 0.344623
1 0.099617 0.323929 0.142664 0.323929 0.142664 0.335597 0.099617 0.335597
1 0.106378 0.522989 0.149200 0.522989 0.149200 0.535876 0.106378 0.535876
1 0.246563 0.444096 0.268875 0.444096 0.268875 0.455765 0.246563 0.455765
1 0.251972 0.470045 0.274059 0.470045 0.274059 0.481714 0.251972 0.481714
1 0.352040 0.444444 0.374352 0.444444 0.374352 0.456461 0.352040 0.456461
1 0.347983 0.470394 0.368943 0.470394 0.368943 0.482410 0.347983 0.482410
1 0.378634 0.698537 0.388776 0.698537 0.388776 0.710380 0.378634 0.710380
1 0.234393 0.700104 0.242957 0.700104 0.242957 0.711425 0.234393 0.711425
1 0.299527 0.740683 0.323867 0.740683 0.323867 0.752874 0.299527 0.752874
1 0.186162 0.741902 0.196755 0.741902 0.196755 0.754093 0.186162 0.754093
1 0.486824 0.726576 0.569529 0.726576 0.569529 0.741553 0.486824 0.741553
1 0.082215 0.249734 0.124527 0.249734 0.124527 0.261696 0.082215 0.261696
1 0.873702 0.577819 0.873184 0.554862 0.889201 0.554646 0.889720 0.577603
1 0.846839 0.570678 0.846650 0.562318 0.862412 0.562106 0.862601 0.570466
1 0.901992 0.575093 0.901610 0.558194 0.916772 0.557990 0.917154 0.574888
1 0.567735 0.576763 0.567216 0.553806 0.583233 0.553590 0.583752 0.576546
1 0.591541 0.569472 0.591352 0.561112 0.607114 0.560900 0.607303 0.569260
1 0.515236 0.567408 0.514851 0.550405 0.529804 0.550203 0.530188 0.567207
1 0.481448 0.571303 0.481064 0.554299 0.496017 0.554098 0.496401 0.571101
1 0.449037 0.519061 0.448848 0.510701 0.464610 0.510489 0.464799 0.518849
1 0.450398 0.656183 0.450228 0.648676 0.464630 0.648482 0.464799 0.655988
1 0.481971 0.648186 0.481614 0.632383 0.496732 0.632179 0.497089 0.647982
1 0.482480 0.691652 0.482310 0.684145 0.496712 0.683951 0.496881 0.691457
1 0.478028 0.432528 0.477665 0.416464 0.492821 0.416260 0.493184 0.432323
1 0.449092 0.428052 0.448683 0.409942 0.463643 0.409740 0.464052 0.427850
1 0.513865 0.415645 0.513482 0.398686 0.528655 0.398482 0.529038 0.415440
1 0.447560 0.300782 0.447390 0.293236 0.462575 0.293031 0.462745 0.300577
1 0.483859 0.309451 0.483677 0.301431 0.498765 0.301228 0.498946 0.309247
1 0.358323 0.346653 0.358135 0.338332 0.372637 0.338137 0.372825 0.346458
1 0.064093 0.509913 0.063183 0.469638 0.077522 0.469444 0.078431 0.509720
0 0.053824 0.226515 0.569118 0.226515 0.569118 0.760606 0.053824 0.760606
0 0.566176 0.500758 0.930490 0.500758 0.930490 0.658333 0.566176 0.658333