1 0.477348 0.246691 0.540065 0.246691 0.540065 0.255880 0.477348 0.255880
1 0.503822 0.263100 0.520811 0.263100 0.520811 0.269883 0.503822 0.269883
1 0.357743 0.391388 0.374750 0.391388 0.374750 0.397882 0.357743 0.397882
1 0.373950 0.463358 0.384854 0.463358 0.384854 0.469774 0.373950 0.469774
1 0.358343 0.501778 0.375450 0.501778 0.375450 0.508194 0.358343 0.508194
1 0.249544 0.471660 0.265672 0.471660 0.265672 0.478062 0.249544 0.478062
1 0.249988 0.647279 0.266484 0.647279 0.266484 0.653614 0.249988 0.653614
1 0.205438 0.723075 0.217489 0.723075 0.217489 0.729944 0.205438 0.729944
1 0.494468 0.743607 0.515805 0.743607 0.515805 0.750401 0.494468 0.750401
1 0.548402 0.723456 0.559367 0.723456 0.559367 0.730097 0.548402 0.730097
1 0.671482 0.723533 0.689263 0.723533 0.689263 0.730097 0.671482 0.730097
1 0.802267 0.723762 0.813429 0.723762 0.813429 0.730479 0.802267 0.730479
1 0.736183 0.643844 0.752383 0.643844 0.752383 0.650485 0.736183 0.650485
1 0.735294 0.506191 0.751580 0.506191 0.751580 0.512836 0.735294 0.512836
1 0.648003 0.505889 0.664419 0.505889 0.664419 0.512635 0.648003 0.512635
1 0.674712 0.465016 0.685395 0.465016 0.685395 0.471459 0.674712 0.471459
1 0.648264 0.393335 0.664289 0.393335 0.664289 0.400081 0.648264 0.400081
1 0.793401 0.403805 0.805257 0.403805 0.805257 0.410651 0.793401 0.410651
1 0.832276 0.422014 0.843714 0.422014 0.843714 0.428699 0.832276 0.428699
1 0.871780 0.392083 0.883795 0.392083 0.883795 0.398396 0.871780 0.398396
1 0.875433 0.372995 0.919550 0.372995 0.919550 0.379308 0.875433 0.379308
1 0.708760 0.281574 0.708602 0.272852 0.717548 0.272755 0.717705 0.281477
1 0.870273 0.331399 0.881056 0.333979 0.878410 0.340582 0.867627 0.338003
1 0.633614 0.413234 0.633456 0.404512 0.642402 0.404415 0.642559 0.413137
1 0.712048 0.432723 0.711889 0.423909 0.720049 0.423821 0.720208 0.432635
1 0.731242 0.437358 0.731083 0.428544 0.739242 0.428456 0.739401 0.437270
1 0.713439 0.481826 0.713280 0.473011 0.721440 0.472923 0.721599 0.481738
1 0.626819 0.471270 0.626665 0.462781 0.634866 0.462692 0.635020 0.471182
1 0.581769 0.407061 0.581616 0.398572 0.589817 0.398483 0.589970 0.406973
1 0.832931 0.516927 0.832778 0.508437 0.840979 0.508348 0.841132 0.516838
1 0.833307 0.658466 0.833154 0.650000 0.841777 0.649907 0.841930 0.658373
1 0.458392 0.431893 0.458234 0.423123 0.467002 0.423028 0.467161 0.431799
1 0.477065 0.436234 0.476906 0.427463 0.485674 0.427369 0.485833 0.436139
1 0.450000 0.480909 0.449850 0.472597 0.458303 0.472506 0.458453 0.480818
1 0.493804 0.464182 0.493577 0.451628 0.502028 0.451536 0.502255 0.464091
1 0.417584 0.469805 0.417433 0.461493 0.425886 0.461402 0.426037 0.469714
1 0.329054 0.410108 0.328904 0.401796 0.337357 0.401705 0.337507 0.410017
1 0.248916 0.441647 0.248766 0.433335 0.257219 0.433244 0.257369 0.441556
1 0.188056 0.455225 0.187906 0.446914 0.196359 0.446822 0.196509 0.455134
1 0.070185 0.554497 0.070551 0.541002 0.079088 0.541140 0.078723 0.554635
1 0.100659 0.406226 0.100505 0.397692 0.109086 0.397600 0.109240 0.406133
1 0.156151 0.513922 0.155994 0.505245 0.164669 0.505151 0.164826 0.513828
1 0.105310 0.538271 0.105150 0.529399 0.113366 0.529311 0.113526 0.538182
1 0.068090 0.377004 0.067936 0.368471 0.076517 0.368378 0.076671 0.376911
1 0.126240 0.338890 0.126081 0.330136 0.134995 0.330040 0.135153 0.338793
1 0.067859 0.333314 0.067639 0.321176 0.076004 0.321086 0.076223 0.333224
1 0.104865 0.632522 0.105231 0.619027 0.113769 0.619165 0.113403 0.632661
1 0.152400 0.658884 0.152657 0.649419 0.161167 0.649557 0.160910 0.659021
1 0.152437 0.693774 0.152682 0.684745 0.161155 0.684883 0.160910 0.693912
1 0.758178 0.464519 0.757954 0.452121 0.766717 0.452026 0.766941 0.464424
0 0.061130 0.241533 0.922722 0.241533 0.922722 0.757576 0.061130 0.757576