1 0.477082 0.639118 0.510186 0.639118 0.510186 0.658402 0.477082 0.658402
1 0.479399 0.375492 0.509396 0.375492 0.509396 0.392316 0.479399 0.392316
1 0.813974 0.480234 0.827350 0.508633 0.804732 0.514994 0.791356 0.486595
1 0.222401 0.507614 0.229355 0.532894 0.205866 0.536752 0.198912 0.511472
1 0.231154 0.458278 0.247333 0.456074 0.251184 0.472952 0.235006 0.475156
1 0.261145 0.555849 0.344933 0.518469 0.357685 0.535536 0.273897 0.572917
1 0.297938 0.583444 0.374620 0.535460 0.391544 0.551610 0.314862 0.599593
1 0.734349 0.538580 0.749973 0.534658 0.756826 0.550957 0.741202 0.554880
1 0.620705 0.528707 0.620148 0.504049 0.642771 0.503743 0.643328 0.528401
1 0.488154 0.730243 0.518473 0.724402 0.524333 0.742564 0.494014 0.748405
1 0.431917 0.264707 0.460368 0.253984 0.469818 0.268956 0.441366 0.279679
1 0.552067 0.305614 0.558221 0.317384 0.537658 0.323804 0.531504 0.312034
0 0.170906 0.239967 0.839693 0.239967 0.839693 0.773956 0.170906 0.773956