1 0.774397 0.364159 0.811584 0.364159 0.811584 0.377220 0.774397 0.377220
1 0.775975 0.398642 0.788821 0.398642 0.788821 0.410832 0.775975 0.410832
1 0.606192 0.400558 0.627245 0.400558 0.627245 0.411882 0.606192 0.411882
1 0.538596 0.448804 0.559236 0.448804 0.559236 0.460606 0.538596 0.460606
1 0.595006 0.481322 0.615845 0.481322 0.615845 0.492181 0.595006 0.492181
1 0.591678 0.501549 0.613638 0.501549 0.613638 0.512997 0.591678 0.512997
1 0.617529 0.605969 0.639263 0.605969 0.639263 0.617561 0.617529 0.617561
1 0.467044 0.632126 0.478116 0.632126 0.478116 0.643879 0.467044 0.643879
1 0.266894 0.401483 0.325802 0.401483 0.325802 0.416049 0.266894 0.416049
1 0.146442 0.501589 0.180858 0.501589 0.180858 0.512291 0.146442 0.512291
1 0.310049 0.633641 0.351256 0.633641 0.351256 0.646070 0.310049 0.646070
1 0.293964 0.660511 0.327053 0.660511 0.327053 0.672348 0.293964 0.672348
1 0.180607 0.645005 0.200980 0.645005 0.200980 0.656605 0.180607 0.656605
1 0.208793 0.663707 0.230545 0.663707 0.230545 0.675308 0.208793 0.675308
2 0.843714 0.434541 0.867295 0.434541 0.867295 0.446821 0.843714 0.446821
2 0.859216 0.656364 0.877647 0.656364 0.877647 0.674242 0.859216 0.674242
2 0.791106 0.720447 0.808773 0.720447 0.808773 0.736374 0.791106 0.736374
2 0.865255 0.744441 0.884796 0.744441 0.884796 0.761092 0.865255 0.761092
2 0.731907 0.777961 0.756863 0.777961 0.756863 0.800551 0.731907 0.800551
2 0.580598 0.729951 0.601397 0.729951 0.601397 0.749205 0.580598 0.749205
2 0.513866 0.661309 0.529249 0.661309 0.529249 0.679056 0.513866 0.679056
1 0.495354 0.185984 0.546096 0.161483 0.557117 0.175112 0.506375 0.199613
1 0.390297 0.259425 0.390297 0.240987 0.405804 0.240987 0.405804 0.259425
1 0.721361 0.140653 0.763669 0.173346 0.748963 0.184710 0.706654 0.152017
1 0.836134 0.256031 0.836134 0.234519 0.851435 0.234519 0.851435 0.256031
1 0.159188 0.405877 0.186786 0.400560 0.191305 0.414564 0.163707 0.419882
1 0.235383 0.509338 0.262165 0.493169 0.273819 0.504695 0.247037 0.520864
1 0.384575 0.585455 0.384321 0.574190 0.405576 0.573903 0.405830 0.585168
1 0.357908 0.603838 0.357526 0.586897 0.377340 0.586630 0.377723 0.603571
1 0.446275 0.530707 0.458301 0.530707 0.458301 0.542222 0.446275 0.542222
1 0.688219 0.458861 0.735541 0.482608 0.721712 0.499063 0.674390 0.475316
1 0.662795 0.572367 0.662430 0.556244 0.688452 0.555893 0.688816 0.572016
1 0.865529 0.547325 0.865529 0.517022 0.884895 0.517022 0.884895 0.547325
1 0.832307 0.546719 0.832307 0.516416 0.851673 0.516416 0.851673 0.546719
1 0.536134 0.561905 0.579062 0.545003 0.588304 0.559018 0.545376 0.575920
1 0.505899 0.608405 0.531653 0.651082 0.511761 0.658250 0.486007 0.615573
0 0.372157 0.122424 0.896078 0.122424 0.896078 0.387879 0.372157 0.387879
0 0.063137 0.391515 0.369020 0.391515 0.369020 0.687273 0.063137 0.687273
0 0.380000 0.392727 0.925882 0.392727 0.925882 0.650909 0.380000 0.650909
0 0.497647 0.652121 0.907059 0.652121 0.907059 0.866667 0.497647 0.866667