1 0.282173 0.221700 0.324544 0.221700 0.324544 0.234761 0.282173 0.234761
1 0.085443 0.405178 0.117387 0.405178 0.117387 0.417219 0.085443 0.417219
1 0.339917 0.437514 0.371690 0.437514 0.371690 0.449458 0.339917 0.449458
1 0.521513 0.287695 0.552790 0.287695 0.552790 0.299963 0.521513 0.299963
1 0.444013 0.431850 0.490238 0.431850 0.490238 0.443972 0.444013 0.443972
1 0.293906 0.486157 0.314219 0.486157 0.314219 0.499237 0.293906 0.499237
1 0.287820 0.520239 0.322599 0.520239 0.322599 0.532294 0.287820 0.532294
1 0.289824 0.542911 0.321311 0.542911 0.321311 0.554855 0.289824 0.554855
1 0.287820 0.562154 0.320309 0.562154 0.320309 0.574430 0.287820 0.574430
2 0.741246 0.269886 0.761204 0.269886 0.761204 0.291396 0.741246 0.291396
2 0.789823 0.370851 0.817834 0.370851 0.817834 0.396248 0.789823 0.396248
2 0.655742 0.418182 0.679645 0.418182 0.679645 0.440404 0.655742 0.440404
2 0.905976 0.349206 0.928011 0.349206 0.928011 0.372872 0.905976 0.372872
1 0.293933 0.743997 0.315760 0.743997 0.315760 0.757147 0.293933 0.757147
1 0.641917 0.619411 0.641917 0.605213 0.663582 0.605213 0.663582 0.619411
1 0.605169 0.678957 0.605169 0.661822 0.625227 0.661822 0.625227 0.678957
1 0.503447 0.720249 0.503447 0.703114 0.523505 0.703114 0.523505 0.720249
1 0.472654 0.728865 0.472654 0.711730 0.492712 0.711730 0.492712 0.728865
1 0.471870 0.728259 0.471870 0.711124 0.491928 0.711124 0.491928 0.728259
1 0.394246 0.612394 0.394246 0.603625 0.412760 0.603625 0.412760 0.612394
1 0.326084 0.740039 0.342853 0.724596 0.354973 0.732454 0.338204 0.747897
1 0.263964 0.729046 0.272886 0.747989 0.258019 0.752170 0.249097 0.733227
1 0.110521 0.732650 0.110521 0.721803 0.125685 0.721803 0.125685 0.732650
1 0.477544 0.373145 0.477038 0.350708 0.493664 0.350484 0.494171 0.372920
0 0.593137 0.575758 0.936275 0.575758 0.936275 0.752165 0.593137 0.752165
0 0.098739 0.509740 0.560924 0.509740 0.560924 0.768398 0.098739 0.768398
0 0.559524 0.252165 0.944678 0.252165 0.944678 0.511905 0.559524 0.511905
0 0.076331 0.206710 0.560924 0.206710 0.560924 0.505411 0.076331 0.505411