1 0.508879 0.203116 0.526822 0.203116 0.526822 0.220126 0.508879 0.220126
2 0.509804 0.293310 0.533296 0.293310 0.533296 0.320326 0.509804 0.320326
1 0.373380 0.384052 0.401130 0.384052 0.401130 0.400616 0.373380 0.400616
2 0.293785 0.387648 0.322699 0.387648 0.322699 0.412686 0.293785 0.412686
2 0.352871 0.521692 0.380237 0.521692 0.380237 0.549161 0.352871 0.549161
2 0.176710 0.621138 0.206743 0.621138 0.206743 0.645972 0.176710 0.645972
2 0.554837 0.597236 0.585219 0.597236 0.585219 0.623377 0.554837 0.623377
2 0.648783 0.633700 0.678302 0.633700 0.678302 0.661006 0.648783 0.661006
1 0.695013 0.677701 0.725916 0.677701 0.725916 0.694664 0.695013 0.694664
2 0.687127 0.700758 0.718244 0.700758 0.718244 0.727108 0.687127 0.727108
1 0.505798 0.759368 0.537213 0.759368 0.537213 0.776312 0.505798 0.776312
1 0.512334 0.677908 0.543960 0.677908 0.543960 0.694689 0.512334 0.694689
2 0.728333 0.483235 0.758731 0.483235 0.758731 0.512641 0.728333 0.512641
1 0.367878 0.295975 0.399050 0.281502 0.411911 0.298042 0.380739 0.312515
1 0.392660 0.257058 0.409547 0.224760 0.435485 0.232858 0.418598 0.265156
1 0.599357 0.253633 0.610477 0.262530 0.591051 0.277026 0.579931 0.268129
1 0.588760 0.331692 0.588760 0.319323 0.615766 0.319323 0.615766 0.331692
1 0.669279 0.270065 0.680277 0.301783 0.652496 0.307535 0.641497 0.275817
1 0.463635 0.384011 0.480874 0.359978 0.501802 0.368942 0.484563 0.392975
1 0.534428 0.387997 0.562581 0.396347 0.554337 0.412943 0.526184 0.404592
1 0.620167 0.426316 0.647271 0.436531 0.637186 0.452508 0.610082 0.442293
1 0.624069 0.475744 0.676523 0.480004 0.673978 0.498716 0.621524 0.494456
1 0.401444 0.431508 0.444281 0.406564 0.457807 0.420435 0.414970 0.445378
1 0.359886 0.484752 0.377224 0.477017 0.388410 0.491988 0.371072 0.499723
1 0.192528 0.442588 0.206111 0.423653 0.227344 0.432748 0.213761 0.451682
1 0.455292 0.534324 0.480959 0.523779 0.492226 0.540152 0.466558 0.550698
1 0.491542 0.583014 0.500751 0.542655 0.523842 0.545801 0.514633 0.586160
1 0.445240 0.583127 0.489208 0.606043 0.476096 0.621064 0.432129 0.598147
1 0.408025 0.597059 0.415331 0.619701 0.393159 0.623973 0.385853 0.601330
1 0.345093 0.577211 0.371721 0.598519 0.354394 0.611448 0.327766 0.590141
1 0.277778 0.651082 0.276861 0.610495 0.297922 0.610211 0.298838 0.650798
1 0.258237 0.683122 0.273513 0.704417 0.255803 0.712003 0.240527 0.690708
1 0.334305 0.679923 0.384400 0.701380 0.374029 0.715838 0.323934 0.694381
1 0.704138 0.571487 0.730848 0.565176 0.736667 0.579884 0.709957 0.586195
1 0.773178 0.653034 0.793605 0.638314 0.807179 0.649563 0.786752 0.664282
1 0.879634 0.676573 0.893832 0.706715 0.871245 0.713068 0.857047 0.682926
1 0.770241 0.728978 0.800101 0.706696 0.816798 0.720057 0.786938 0.742339
1 0.895459 0.605379 0.909657 0.635521 0.887070 0.641874 0.872872 0.611732
0 0.106811 0.188198 0.940660 0.188198 0.940660 0.811802 0.106811 0.811802