1 0.409914 0.268277 0.457905 0.268277 0.457905 0.280568 0.409914 0.280568
1 0.220865 0.307436 0.229883 0.307436 0.229883 0.316473 0.220865 0.316473
1 0.117458 0.305370 0.146832 0.305370 0.146832 0.315783 0.117458 0.315783
1 0.305708 0.308554 0.363856 0.308554 0.363856 0.319077 0.305708 0.319077
1 0.390208 0.335279 0.399083 0.335279 0.399083 0.344917 0.390208 0.344917
1 0.453889 0.333611 0.462763 0.333611 0.462763 0.342878 0.453889 0.342878
1 0.216507 0.746106 0.234943 0.746106 0.234943 0.755403 0.216507 0.755403
1 0.320873 0.764095 0.344465 0.764095 0.344465 0.774357 0.320873 0.774357
1 0.417897 0.744416 0.435552 0.744416 0.435552 0.754799 0.417897 0.754799
1 0.518971 0.744120 0.545870 0.744120 0.545870 0.754403 0.518971 0.754403
1 0.088700 0.273230 0.088700 0.264469 0.102082 0.264469 0.102082 0.273230
1 0.083281 0.342321 0.083281 0.333560 0.096663 0.333560 0.096663 0.342321
1 0.552856 0.264575 0.552856 0.255814 0.566237 0.255814 0.566237 0.264575
1 0.591101 0.248458 0.591101 0.239697 0.604483 0.239697 0.604483 0.248458
1 0.061104 0.355473 0.061104 0.332831 0.077791 0.332831 0.077791 0.355473
1 0.553131 0.354187 0.553131 0.330803 0.567983 0.330803 0.567983 0.354187
1 0.551503 0.442861 0.551503 0.419476 0.566355 0.419476 0.566355 0.442861
1 0.516563 0.409254 0.516563 0.399320 0.530782 0.399320 0.530782 0.409254
1 0.516985 0.463669 0.516985 0.454713 0.531204 0.454713 0.531204 0.463669
1 0.570047 0.543986 0.570047 0.520602 0.584899 0.520602 0.584899 0.543986
1 0.553286 0.645887 0.553286 0.622502 0.568138 0.622502 0.568138 0.645887
1 0.552017 0.735816 0.552017 0.712431 0.566869 0.712431 0.566869 0.735816
1 0.061902 0.739666 0.061902 0.716282 0.076754 0.716282 0.076754 0.739666
1 0.087357 0.737968 0.087357 0.728376 0.100923 0.728376 0.100923 0.737968
1 0.118224 0.746212 0.127739 0.746212 0.127739 0.755570 0.118224 0.755570
2 0.665894 0.177961 0.677540 0.177961 0.677540 0.189164 0.665894 0.189164
2 0.723411 0.362902 0.735056 0.362902 0.735056 0.374839 0.723411 0.374839
2 0.672311 0.461524 0.685146 0.461524 0.685146 0.472360 0.672311 0.472360
2 0.827469 0.378080 0.841763 0.378080 0.841763 0.392240 0.827469 0.392240
2 0.885813 0.282308 0.898212 0.282308 0.898212 0.293672 0.885813 0.293672
2 0.887832 0.348485 0.899654 0.348485 0.899654 0.360071 0.887832 0.360071
0 0.044563 0.212121 0.622103 0.212121 0.622103 0.783747 0.044563 0.783747
0 0.629234 0.099174 0.923351 0.099174 0.923351 0.888430 0.629234 0.888430