1 0.430181 0.198811 0.455104 0.198811 0.455104 0.210705 0.430181 0.210705
1 0.544896 0.193996 0.576416 0.193996 0.576416 0.204475 0.544896 0.204475
2 0.520397 0.234239 0.541808 0.234239 0.541808 0.254093 0.520397 0.254093
2 0.577868 0.244340 0.603561 0.244340 0.603561 0.265587 0.577868 0.265587
2 0.568627 0.354058 0.588235 0.354058 0.588235 0.372692 0.568627 0.372692
1 0.381175 0.269515 0.400714 0.269515 0.400714 0.288575 0.381175 0.288575
1 0.318410 0.413636 0.353922 0.413636 0.353922 0.423653 0.318410 0.423653
2 0.517760 0.580835 0.538908 0.580835 0.538908 0.600349 0.517760 0.600349
2 0.606252 0.656671 0.628016 0.656671 0.628016 0.675551 0.606252 0.675551
1 0.469082 0.729117 0.487269 0.729117 0.487269 0.740360 0.469082 0.740360
1 0.552515 0.729996 0.570702 0.729996 0.570702 0.740887 0.552515 0.740887
2 0.517949 0.780420 0.541176 0.780420 0.541176 0.799767 0.517949 0.799767
1 0.588403 0.534188 0.624434 0.534188 0.624434 0.545196 0.588403 0.545196
2 0.693992 0.343166 0.717146 0.343166 0.717146 0.363314 0.693992 0.363314
1 0.553714 0.258094 0.559717 0.239490 0.575038 0.242442 0.569035 0.261046
1 0.520548 0.302736 0.544147 0.296810 0.549027 0.308415 0.525428 0.314340
1 0.597109 0.281156 0.629206 0.267408 0.636965 0.278224 0.604868 0.291972
1 0.581241 0.275697 0.602968 0.290814 0.591742 0.300448 0.570016 0.285331
1 0.615556 0.317920 0.626285 0.290802 0.641590 0.294418 0.630860 0.321536
1 0.683300 0.303964 0.716283 0.291533 0.723299 0.302648 0.690315 0.315079
1 0.609299 0.335689 0.628410 0.352677 0.617257 0.360169 0.598146 0.343181
1 0.513185 0.344339 0.546800 0.349388 0.543898 0.360923 0.510284 0.355874
1 0.470631 0.401253 0.504126 0.395752 0.507287 0.407245 0.473792 0.412747
1 0.571598 0.420970 0.593297 0.418911 0.595115 0.430356 0.573416 0.432415
1 0.282411 0.497498 0.282411 0.471037 0.297617 0.471037 0.297617 0.497498
1 0.476609 0.475696 0.482236 0.467853 0.494743 0.473210 0.489117 0.481053
1 0.561257 0.615513 0.581518 0.621211 0.576388 0.632102 0.556128 0.626404
1 0.620250 0.676033 0.638731 0.684614 0.631006 0.694549 0.612525 0.685968
1 0.537622 0.711578 0.557283 0.687264 0.571355 0.694059 0.551693 0.718373
1 0.483690 0.741359 0.507539 0.763322 0.494828 0.771563 0.470978 0.749601
1 0.638960 0.758959 0.638960 0.744649 0.654532 0.744649 0.654532 0.758959
0 0.262353 0.183030 0.761176 0.183030 0.761176 0.812121 0.262353 0.812121