1 0.161086 0.127739 0.186124 0.127739 0.186124 0.140326 0.161086 0.140326
1 0.433484 0.130769 0.455807 0.130769 0.455807 0.144056 0.433484 0.144056
1 0.510709 0.187179 0.524284 0.187179 0.524284 0.201399 0.510709 0.201399
1 0.153544 0.347086 0.174962 0.347086 0.174962 0.358741 0.153544 0.358741
1 0.293514 0.345221 0.329110 0.345221 0.329110 0.358741 0.293514 0.358741
1 0.295626 0.373893 0.328205 0.373893 0.328205 0.387179 0.295626 0.387179
1 0.301357 0.409324 0.323379 0.409324 0.323379 0.422378 0.301357 0.422378
1 0.146908 0.407459 0.175867 0.407459 0.175867 0.422611 0.146908 0.422611
1 0.442835 0.407357 0.472490 0.407357 0.472490 0.421529 0.442835 0.421529
1 0.720801 0.402339 0.752344 0.402339 0.752344 0.414690 0.720801 0.414690
1 0.809463 0.419631 0.830563 0.419631 0.830563 0.431653 0.809463 0.431653
1 0.787511 0.487978 0.845482 0.487978 0.845482 0.501482 0.787511 0.501482
1 0.720111 0.614374 0.752559 0.614374 0.752559 0.626575 0.720111 0.626575
2 0.546405 0.696566 0.563660 0.696566 0.563660 0.712525 0.546405 0.712525
2 0.534379 0.734747 0.550850 0.734747 0.550850 0.750101 0.534379 0.750101
2 0.400784 0.803030 0.418562 0.803030 0.418562 0.820606 0.400784 0.820606
2 0.414118 0.716768 0.432680 0.716768 0.432680 0.733535 0.414118 0.733535
1 0.085544 0.201624 0.085544 0.181719 0.099769 0.181719 0.099769 0.201624
1 0.515652 0.266215 0.515652 0.242644 0.530202 0.242644 0.530202 0.266215
1 0.489584 0.330202 0.489584 0.306632 0.504134 0.306632 0.504134 0.330202
1 0.232366 0.494885 0.232366 0.471315 0.246916 0.471315 0.246916 0.494885
1 0.089622 0.517498 0.089622 0.500243 0.103852 0.500243 0.103852 0.517498
1 0.503124 0.541459 0.503124 0.517524 0.517935 0.517524 0.517935 0.541459
1 0.554837 0.528388 0.554837 0.511423 0.568433 0.511423 0.568433 0.528388
1 0.555218 0.596015 0.555218 0.579050 0.568814 0.579050 0.568814 0.596015
1 0.590271 0.592685 0.590271 0.575720 0.603867 0.575720 0.603867 0.592685
1 0.690935 0.536481 0.705047 0.549478 0.694632 0.556230 0.680520 0.543234
1 0.873079 0.614615 0.884502 0.614615 0.884502 0.625808 0.873079 0.625808
0 0.072549 0.120000 0.572941 0.120000 0.572941 0.373333 0.072549 0.373333
0 0.074118 0.376970 0.540000 0.376970 0.540000 0.616970 0.074118 0.616970
0 0.552549 0.393939 0.899216 0.393939 0.899216 0.643636 0.552549 0.643636
0 0.309412 0.623030 0.687451 0.623030 0.687451 0.877576 0.309412 0.877576