1 0.139601 0.138047 0.165577 0.138047 0.165577 0.149832 0.139601 0.149832
1 0.186023 0.136752 0.203452 0.136752 0.203452 0.146335 0.186023 0.146335
1 0.489418 0.142055 0.517429 0.142055 0.517429 0.153118 0.489418 0.153118
1 0.492394 0.411724 0.518176 0.411724 0.518176 0.422487 0.492394 0.422487
1 0.609251 0.415617 0.635625 0.415617 0.635625 0.425998 0.609251 0.425998
1 0.609525 0.446297 0.636443 0.446297 0.636443 0.456876 0.609525 0.456876
1 0.671946 0.447732 0.691670 0.447732 0.691670 0.458311 0.671946 0.458311
1 0.315115 0.437860 0.335119 0.437860 0.335119 0.448043 0.315115 0.448043
1 0.373224 0.439087 0.399420 0.439087 0.399420 0.450129 0.373224 0.450129
1 0.741751 0.411464 0.756398 0.411464 0.756398 0.419009 0.741751 0.419009
1 0.764276 0.411710 0.778923 0.411710 0.778923 0.419255 0.764276 0.419255
1 0.787116 0.411834 0.801762 0.411834 0.801762 0.419379 0.787116 0.419379
1 0.809798 0.411958 0.824444 0.411958 0.824444 0.419503 0.809798 0.419503
1 0.833425 0.412569 0.848072 0.412569 0.848072 0.420114 0.833425 0.420114
2 0.467926 0.603350 0.483086 0.603350 0.483086 0.618356 0.467926 0.618356
2 0.486093 0.585342 0.499248 0.585342 0.499248 0.599671 0.486093 0.599671
2 0.292237 0.759307 0.311124 0.759307 0.311124 0.775015 0.292237 0.775015
2 0.647691 0.775171 0.664137 0.775171 0.664137 0.790567 0.647691 0.790567
1 0.218159 0.190008 0.218159 0.172263 0.231938 0.172263 0.231938 0.190008
1 0.219219 0.240104 0.219219 0.219569 0.232390 0.219569 0.232390 0.240104
1 0.268073 0.289866 0.268073 0.269331 0.281244 0.269331 0.281244 0.289866
1 0.219749 0.286514 0.219749 0.271046 0.232941 0.271046 0.232941 0.286514
1 0.220830 0.338673 0.220830 0.318138 0.234001 0.318138 0.234001 0.338673
1 0.522644 0.377586 0.522644 0.362118 0.535836 0.362118 0.535836 0.377586
1 0.261285 0.525250 0.261285 0.504715 0.274456 0.504715 0.274456 0.525250
1 0.705577 0.534101 0.705577 0.513566 0.718748 0.513566 0.718748 0.534101
1 0.704810 0.497159 0.704810 0.481947 0.717351 0.481947 0.717351 0.497159
0 0.089461 0.131629 0.248775 0.131629 0.248775 0.408144 0.089461 0.408144
0 0.267157 0.135417 0.700980 0.135417 0.700980 0.433712 0.267157 0.433712
0 0.721814 0.165720 0.906863 0.165720 0.906863 0.428030 0.721814 0.428030
0 0.250000 0.436553 0.736520 0.436553 0.736520 0.569129 0.250000 0.569129
0 0.257353 0.571970 0.773284 0.571970 0.773284 0.873106 0.257353 0.873106