2 0.291277 0.435004 0.319498 0.435004 0.319498 0.462192 0.291277 0.462192
2 0.134415 0.682809 0.167033 0.682809 0.167033 0.710847 0.134415 0.710847
1 0.401248 0.703030 0.435472 0.703030 0.435472 0.726171 0.401248 0.726171
2 0.656506 0.684298 0.688592 0.684298 0.688592 0.711295 0.656506 0.711295
2 0.639394 0.546556 0.669340 0.546556 0.669340 0.571350 0.639394 0.571350
2 0.585205 0.366942 0.617291 0.366942 0.617291 0.399449 0.585205 0.399449
2 0.846168 0.364738 0.874688 0.364738 0.874688 0.393939 0.846168 0.393939
1 0.563218 0.270956 0.602451 0.267770 0.605550 0.290552 0.566317 0.293738
1 0.779508 0.294587 0.813323 0.310287 0.798055 0.329923 0.764240 0.314222
1 0.758193 0.348865 0.761703 0.374669 0.733193 0.376984 0.729683 0.351180
1 0.645307 0.335703 0.681528 0.355302 0.664332 0.374278 0.628111 0.354680
1 0.615235 0.419856 0.632820 0.399711 0.656511 0.412060 0.638926 0.432205
1 0.475533 0.378398 0.519476 0.378991 0.518982 0.400870 0.475038 0.400278
1 0.498200 0.433943 0.528174 0.458781 0.507463 0.473705 0.477489 0.448867
1 0.324221 0.361425 0.356882 0.338701 0.375831 0.354963 0.343170 0.377687
1 0.755366 0.414519 0.789041 0.406064 0.797306 0.425721 0.763631 0.434175
1 0.673564 0.525284 0.680320 0.498427 0.706576 0.502370 0.699820 0.529228
1 0.448062 0.526516 0.480408 0.537644 0.469529 0.556526 0.437183 0.545397
1 0.316807 0.537230 0.356976 0.522091 0.369239 0.541519 0.329070 0.556658
1 0.152857 0.565723 0.170320 0.533934 0.196070 0.542380 0.178607 0.574169
1 0.712068 0.606508 0.717949 0.635198 0.688074 0.638854 0.682194 0.610165
0 0.108597 0.251748 0.886878 0.251748 0.886878 0.744755 0.108597 0.744755