1 0.237419 0.310447 0.263746 0.310447 0.263746 0.327188 0.237419 0.327188
1 0.329014 0.317440 0.390991 0.317440 0.390991 0.337572 0.329014 0.337572
1 0.489168 0.422123 0.526738 0.422123 0.526738 0.438440 0.489168 0.438440
1 0.142857 0.563988 0.183298 0.563988 0.183298 0.579681 0.142857 0.579681
1 0.400231 0.641488 0.440311 0.641488 0.440311 0.659091 0.400231 0.659091
1 0.384187 0.739263 0.425095 0.739263 0.425095 0.757140 0.384187 0.757140
1 0.297009 0.822844 0.321644 0.822844 0.321644 0.836150 0.297009 0.836150
2 0.757081 0.420616 0.780878 0.420616 0.780878 0.442113 0.757081 0.442113
2 0.838529 0.482258 0.859645 0.482258 0.859645 0.504015 0.838529 0.504015
2 0.877744 0.546232 0.901877 0.546232 0.901877 0.566434 0.877744 0.566434
2 0.689375 0.607356 0.710826 0.607356 0.710826 0.629371 0.689375 0.629371
2 0.780882 0.714773 0.805882 0.714773 0.805882 0.736364 0.780882 0.736364
2 0.632843 0.812121 0.662745 0.812121 0.662745 0.835606 0.632843 0.835606
2 0.733333 0.848106 0.751471 0.848106 0.751471 0.868939 0.733333 0.868939
1 0.481750 0.393693 0.523719 0.384393 0.530276 0.402065 0.488307 0.411364
1 0.410617 0.360062 0.423248 0.346629 0.441307 0.356768 0.428676 0.370201
1 0.381079 0.392751 0.415425 0.421212 0.399909 0.432393 0.365562 0.403932
1 0.340243 0.533287 0.375864 0.526425 0.380854 0.541889 0.345233 0.548752
1 0.269707 0.557164 0.281297 0.546491 0.296194 0.556150 0.284604 0.566823
1 0.103837 0.608905 0.103837 0.578884 0.123436 0.578884 0.123436 0.608905
1 0.406686 0.840614 0.406686 0.827844 0.425261 0.827844 0.425261 0.840614
0 0.613725 0.369697 0.932157 0.369697 0.932157 0.889697 0.613725 0.889697
0 0.086667 0.298182 0.563529 0.298182 0.563529 0.880000 0.086667 0.880000
0 0.171373 0.117576 0.510196 0.117576 0.510196 0.293333 0.171373 0.293333