1 0.447506 0.357499 0.475304 0.357499 0.475304 0.370541 0.447506 0.370541
2 0.402333 0.408324 0.431869 0.408324 0.431869 0.431530 0.402333 0.431530
2 0.172534 0.492484 0.200633 0.492484 0.200633 0.515390 0.172534 0.515390
2 0.300988 0.483655 0.328470 0.483655 0.328470 0.506323 0.300988 0.506323
2 0.607303 0.489143 0.631697 0.489143 0.631697 0.513958 0.607303 0.513958
2 0.672157 0.427475 0.700915 0.427475 0.700915 0.451919 0.672157 0.451919
2 0.803399 0.408485 0.824837 0.408485 0.824837 0.431515 0.803399 0.431515
1 0.157491 0.392247 0.181297 0.405128 0.170811 0.416700 0.147005 0.403819
1 0.419526 0.468691 0.422378 0.500203 0.404122 0.501189 0.401270 0.469678
1 0.488187 0.515208 0.491038 0.483696 0.509294 0.484682 0.506443 0.516194
1 0.526648 0.537815 0.530921 0.506400 0.549121 0.507878 0.544848 0.539294
1 0.564953 0.504544 0.592833 0.481441 0.606217 0.491085 0.578338 0.514188
1 0.663230 0.504074 0.686079 0.494686 0.693464 0.505418 0.670615 0.514806
1 0.702988 0.474944 0.727689 0.494031 0.715123 0.503741 0.690422 0.484655
1 0.752579 0.475577 0.763951 0.501099 0.747148 0.505570 0.735776 0.480048
1 0.806732 0.500365 0.808734 0.522498 0.792812 0.523358 0.790809 0.501225
1 0.828951 0.528667 0.836866 0.507340 0.852208 0.510740 0.844294 0.532067
1 0.885124 0.490910 0.899480 0.471696 0.913303 0.477863 0.898947 0.497077
1 0.711253 0.552469 0.736362 0.557307 0.732557 0.569100 0.707447 0.564263
1 0.813630 0.589745 0.837303 0.577406 0.845432 0.586718 0.821759 0.599057
0 0.076649 0.336088 0.953654 0.336088 0.953654 0.665289 0.076649 0.665289