2 0.114324 0.381870 0.135926 0.381870 0.135926 0.398819 0.114324 0.398819
2 0.472582 0.385978 0.491525 0.385978 0.491525 0.402671 0.472582 0.402671
1 0.285994 0.484230 0.308083 0.484230 0.308083 0.496722 0.285994 0.496722
1 0.277671 0.515152 0.319608 0.515152 0.319608 0.527025 0.277671 0.527025
1 0.280072 0.535065 0.319288 0.535065 0.319288 0.547557 0.280072 0.547557
1 0.277136 0.802895 0.318978 0.802895 0.318978 0.815206 0.277136 0.815206
1 0.672269 0.532801 0.705882 0.532801 0.705882 0.544456 0.672269 0.544456
1 0.473114 0.638595 0.503910 0.638595 0.503910 0.650121 0.473114 0.650121
1 0.574670 0.667715 0.586139 0.667715 0.586139 0.679341 0.574670 0.679341
1 0.673508 0.801686 0.706423 0.801686 0.706423 0.813022 0.673508 0.813022
2 0.672756 0.820217 0.714323 0.820217 0.714323 0.834387 0.672756 0.834387
1 0.754857 0.592677 0.785907 0.592677 0.785907 0.603495 0.754857 0.603495
2 0.764519 0.238757 0.788498 0.238757 0.788498 0.258444 0.764519 0.258444
2 0.799988 0.306119 0.822967 0.306119 0.822967 0.328122 0.799988 0.328122
2 0.764019 0.384096 0.786250 0.384096 0.786250 0.404748 0.764019 0.404748
2 0.739540 0.430033 0.760022 0.430033 0.760022 0.448562 0.739540 0.448562
1 0.452221 0.373717 0.452221 0.358874 0.464546 0.358874 0.464546 0.373717
1 0.425016 0.563592 0.425016 0.555112 0.438348 0.555112 0.438348 0.563592
1 0.450119 0.584465 0.450119 0.569680 0.464928 0.569680 0.464928 0.584465
1 0.433955 0.787463 0.433955 0.772679 0.448765 0.772679 0.448765 0.787463
1 0.519850 0.746100 0.545988 0.733479 0.554519 0.744030 0.528381 0.756650
1 0.537630 0.586164 0.563768 0.598785 0.555237 0.609335 0.529099 0.596714
1 0.533685 0.544895 0.533685 0.536414 0.547016 0.536414 0.547016 0.544895
1 0.847246 0.689876 0.847246 0.666059 0.863345 0.666059 0.863345 0.689876
0 0.494916 0.159371 0.878359 0.159371 0.878359 0.533109 0.494916 0.533109
0 0.101307 0.250281 0.470225 0.250281 0.470225 0.506173 0.101307 0.506173
0 0.137618 0.510662 0.477487 0.510662 0.477487 0.824916 0.137618 0.824916
0 0.481845 0.530864 0.895788 0.530864 0.895788 0.842873 0.481845 0.842873