1 0.100452 0.138462 0.138763 0.138462 0.138763 0.153613 0.100452 0.153613
1 0.074912 0.261461 0.115636 0.261461 0.115636 0.275835 0.074912 0.275835
1 0.110608 0.304843 0.149489 0.304843 0.149489 0.319606 0.110608 0.319606
1 0.267214 0.258633 0.293358 0.258633 0.293358 0.273315 0.267214 0.273315
1 0.278989 0.176977 0.305676 0.176977 0.305676 0.191790 0.278989 0.191790
1 0.291855 0.330253 0.316096 0.330253 0.316096 0.344073 0.291855 0.344073
1 0.394743 0.329504 0.419091 0.329504 0.419091 0.343074 0.394743 0.343074
1 0.325101 0.383164 0.348080 0.383164 0.348080 0.396519 0.325101 0.396519
1 0.518115 0.378888 0.559148 0.378888 0.559148 0.393137 0.518115 0.393137
1 0.557458 0.506912 0.595440 0.506912 0.595440 0.520940 0.557458 0.520940
1 0.527772 0.534029 0.569174 0.534029 0.569174 0.548038 0.527772 0.548038
1 0.740482 0.375074 0.767033 0.375074 0.767033 0.389341 0.740482 0.389341
1 0.863928 0.401250 0.919623 0.401250 0.919623 0.416932 0.863928 0.416932
2 0.353779 0.623414 0.373890 0.623414 0.373890 0.643875 0.353779 0.643875
2 0.355481 0.751609 0.377832 0.751609 0.377832 0.772256 0.355481 0.772256
2 0.530663 0.669031 0.552357 0.669031 0.552357 0.691597 0.530663 0.691597
2 0.639598 0.684052 0.663347 0.684052 0.663347 0.706749 0.639598 0.706749
1 0.369609 0.165975 0.390434 0.149311 0.403679 0.159195 0.382855 0.175859
1 0.398120 0.272257 0.418944 0.288920 0.405698 0.298804 0.384874 0.282141
1 0.530559 0.237890 0.530559 0.214726 0.548973 0.214726 0.548973 0.237890
1 0.563643 0.237743 0.563643 0.214579 0.582057 0.214579 0.582057 0.237743
1 0.532086 0.168733 0.532086 0.155121 0.549377 0.155121 0.549377 0.168733
1 0.543297 0.468563 0.543297 0.445398 0.561711 0.445398 0.561711 0.468563
1 0.592547 0.503833 0.592547 0.480668 0.610961 0.480668 0.610961 0.503833
1 0.274957 0.426882 0.298899 0.440823 0.287817 0.452187 0.263876 0.438246
1 0.257396 0.549582 0.275437 0.531082 0.290143 0.539645 0.272102 0.558145
1 0.114178 0.505478 0.114178 0.484986 0.131906 0.484986 0.131906 0.505478
1 0.113424 0.480303 0.113424 0.469345 0.131725 0.469345 0.131725 0.480303
1 0.077498 0.506315 0.077498 0.485823 0.095226 0.485823 0.095226 0.506315
1 0.077958 0.455043 0.077958 0.434552 0.095687 0.434552 0.095687 0.455043
0 0.066408 0.131504 0.593970 0.131504 0.593970 0.353345 0.066408 0.353345
0 0.069367 0.370497 0.593970 0.370497 0.593970 0.580903 0.069367 0.580903
0 0.597669 0.369354 0.929153 0.369354 0.929153 0.578616 0.597669 0.578616
0 0.306881 0.611206 0.689419 0.611206 0.689419 0.839337 0.306881 0.839337