1 0.485671 0.358042 0.510106 0.358042 0.510106 0.373893 0.485671 0.373893
2 0.605128 0.417949 0.629563 0.417949 0.629563 0.438928 0.605128 0.438928
1 0.703771 0.376457 0.767119 0.376457 0.767119 0.393007 0.703771 0.393007
2 0.859125 0.433100 0.885973 0.433100 0.885973 0.456177 0.859125 0.456177
2 0.483167 0.499428 0.508694 0.499428 0.508694 0.520011 0.483167 0.520011
2 0.373214 0.421418 0.393486 0.421418 0.393486 0.439137 0.373214 0.439137
2 0.347757 0.609718 0.371422 0.609718 0.371422 0.629920 0.347757 0.629920
1 0.328645 0.694188 0.354031 0.694188 0.354031 0.709852 0.328645 0.709852
2 0.825716 0.660562 0.848286 0.660562 0.848286 0.680837 0.825716 0.680837
2 0.694402 0.638219 0.712492 0.615849 0.741203 0.629712 0.723113 0.652082
1 0.138358 0.433286 0.171519 0.413976 0.185749 0.428568 0.152587 0.447878
1 0.234724 0.517645 0.246169 0.486802 0.268898 0.491838 0.257453 0.522681
1 0.296564 0.533286 0.321553 0.507661 0.340437 0.518657 0.315448 0.544282
1 0.361047 0.572334 0.400307 0.582780 0.392609 0.600055 0.353349 0.589609
1 0.506930 0.558553 0.522876 0.576821 0.505082 0.586095 0.489136 0.567827
1 0.274713 0.629376 0.299657 0.648651 0.282720 0.661739 0.257775 0.642464
1 0.152564 0.630414 0.164897 0.609010 0.186118 0.616310 0.173785 0.637715
0 0.063725 0.341991 0.937675 0.341991 0.937675 0.732684 0.063725 0.732684