1 0.184232 0.333018 0.228554 0.333018 0.228554 0.348958 0.184232 0.348958
1 0.378268 0.342803 0.423407 0.342803 0.423407 0.358586 0.378268 0.358586
2 0.768271 0.401810 0.788897 0.401810 0.788897 0.420504 0.768271 0.420504
2 0.665903 0.534042 0.685256 0.534042 0.685256 0.552342 0.665903 0.552342
2 0.801884 0.580480 0.818182 0.580480 0.818182 0.598583 0.801884 0.598583
2 0.660555 0.668831 0.682455 0.668831 0.682455 0.687131 0.660555 0.687131
2 0.655462 0.742227 0.676853 0.742227 0.676853 0.762495 0.655462 0.762495
2 0.721416 0.812475 0.743825 0.812475 0.743825 0.831759 0.721416 0.831759
1 0.429590 0.274301 0.429590 0.228257 0.453527 0.228257 0.453527 0.274301
1 0.413547 0.424046 0.413547 0.407686 0.435057 0.407686 0.435057 0.424046
1 0.445283 0.622402 0.445283 0.590925 0.464016 0.590925 0.464016 0.622402
0 0.165098 0.140606 0.475686 0.140606 0.475686 0.363636 0.165098 0.363636
0 0.161961 0.375758 0.489804 0.375758 0.489804 0.847273 0.161961 0.847273
0 0.541569 0.350303 0.852157 0.350303 0.852157 0.846061 0.541569 0.846061