1 0.723505 0.217491 0.762224 0.217491 0.762224 0.232259 0.723505 0.232259
2 0.594937 0.243959 0.618516 0.243959 0.618516 0.261795 0.594937 0.261795
2 0.481254 0.304362 0.500215 0.304362 0.500215 0.325341 0.481254 0.325341
2 0.529838 0.440547 0.555840 0.440547 0.555840 0.454216 0.529838 0.454216
2 0.393705 0.474083 0.414517 0.474083 0.414517 0.491095 0.393705 0.491095
2 0.190771 0.661262 0.209005 0.661262 0.209005 0.680178 0.190771 0.680178
2 0.291682 0.659911 0.310666 0.659911 0.310666 0.676896 0.291682 0.676896
2 0.267950 0.750600 0.289674 0.750600 0.289674 0.770656 0.267950 0.770656
2 0.352024 0.764334 0.387854 0.764334 0.387854 0.779813 0.352024 0.779813
2 0.746294 0.618625 0.768930 0.618625 0.768930 0.639320 0.746294 0.639320
1 0.814523 0.516876 0.872230 0.516876 0.872230 0.531658 0.814523 0.531658
2 0.677397 0.438320 0.701173 0.438320 0.701173 0.458363 0.677397 0.458363
1 0.286709 0.424906 0.315168 0.411164 0.325817 0.424333 0.297358 0.438074
1 0.234911 0.453947 0.260238 0.436935 0.273422 0.448655 0.248095 0.465667
1 0.193538 0.490010 0.215108 0.470146 0.230503 0.480127 0.208932 0.499991
1 0.153488 0.544273 0.168199 0.520966 0.186260 0.527773 0.171550 0.551080
1 0.122858 0.624003 0.129261 0.598549 0.148987 0.601512 0.142584 0.626966
1 0.120213 0.697332 0.120213 0.671401 0.140308 0.671401 0.140308 0.697332
1 0.226723 0.612480 0.247574 0.625999 0.234360 0.638167 0.213510 0.624648
2 0.193007 0.728120 0.205528 0.721090 0.217456 0.733777 0.204935 0.740806
1 0.243865 0.556912 0.258805 0.561576 0.251225 0.576073 0.236285 0.571409
1 0.322737 0.578717 0.337678 0.583382 0.330098 0.597879 0.315158 0.593214
1 0.422115 0.541106 0.436075 0.516876 0.453323 0.522810 0.439362 0.547040
2 0.455740 0.574200 0.461033 0.585437 0.441964 0.590801 0.436670 0.579563
1 0.496023 0.615014 0.496023 0.588491 0.514903 0.588491 0.514903 0.615014
1 0.482815 0.476900 0.499976 0.453930 0.516327 0.461225 0.499165 0.484194
1 0.406945 0.444565 0.435390 0.457256 0.424837 0.471380 0.396391 0.458690
1 0.473224 0.430936 0.486257 0.448379 0.466776 0.457071 0.453742 0.439627
1 0.417595 0.379321 0.428197 0.360920 0.448748 0.367990 0.438146 0.386391
1 0.564177 0.389458 0.586217 0.370544 0.602565 0.381918 0.580525 0.400833
1 0.588492 0.292949 0.617574 0.304898 0.607247 0.319907 0.578164 0.307958
1 0.709165 0.326049 0.727583 0.304949 0.745821 0.314454 0.727402 0.335555
1 0.781993 0.319206 0.786007 0.344468 0.764172 0.346540 0.760158 0.321278
1 0.713210 0.371831 0.721004 0.382262 0.701836 0.390813 0.694043 0.380382
1 0.706008 0.471428 0.722477 0.449386 0.741528 0.457886 0.725060 0.479928
0 0.105169 0.206612 0.891266 0.206612 0.891266 0.796143 0.105169 0.796143