1 0.326797 0.377046 0.350237 0.377046 0.350237 0.391327 0.326797 0.391327
1 0.357223 0.362940 0.370971 0.362940 0.370971 0.376872 0.357223 0.376872
1 0.385310 0.462001 0.440087 0.462001 0.440087 0.478355 0.385310 0.478355
2 0.525210 0.351948 0.543697 0.351948 0.543697 0.369697 0.525210 0.369697
2 0.688515 0.205628 0.711765 0.205628 0.711765 0.222727 0.688515 0.222727
2 0.864426 0.229437 0.887115 0.229437 0.887115 0.249351 0.864426 0.249351
2 0.860784 0.458874 0.885154 0.458874 0.885154 0.476840 0.860784 0.476840
1 0.435948 0.357117 0.435948 0.324426 0.456150 0.324426 0.456150 0.357117
1 0.449079 0.713793 0.449079 0.681103 0.469281 0.681103 0.469281 0.713793
1 0.429653 0.608985 0.429653 0.589056 0.446481 0.589056 0.446481 0.608985
1 0.403509 0.610048 0.403509 0.598551 0.421616 0.598551 0.421616 0.610048
1 0.404444 0.656225 0.404444 0.644728 0.422552 0.644728 0.422552 0.656225
1 0.405917 0.738437 0.405917 0.720369 0.424465 0.720369 0.424465 0.738437
1 0.428868 0.798171 0.428868 0.780103 0.447416 0.780103 0.447416 0.798171
1 0.528380 0.812865 0.528380 0.801560 0.547423 0.801560 0.547423 0.812865
0 0.516340 0.175926 0.898693 0.175926 0.898693 0.554714 0.516340 0.554714
0 0.523965 0.565657 0.875817 0.565657 0.875817 0.832492 0.523965 0.832492
0 0.094771 0.549663 0.489107 0.549663 0.489107 0.834175 0.094771 0.834175
0 0.108932 0.199495 0.474946 0.199495 0.474946 0.500842 0.108932 0.500842