1 0.603127 0.181435 0.659717 0.181435 0.659717 0.196203 0.603127 0.196203
1 0.637875 0.291715 0.696451 0.291715 0.696451 0.306674 0.637875 0.306674
1 0.215566 0.362400 0.239896 0.362400 0.239896 0.375634 0.215566 0.375634
1 0.313365 0.387755 0.348099 0.387755 0.348099 0.401732 0.313365 0.401732
1 0.435174 0.362028 0.482233 0.362028 0.482233 0.376129 0.435174 0.376129
1 0.589636 0.369326 0.644378 0.369326 0.644378 0.383797 0.589636 0.383797
2 0.310597 0.700355 0.330622 0.700355 0.330622 0.716634 0.310597 0.716634
2 0.524775 0.610218 0.543463 0.610218 0.543463 0.626627 0.524775 0.626627
2 0.594571 0.669183 0.610993 0.669183 0.610993 0.683733 0.594571 0.683733
2 0.703922 0.805897 0.723211 0.805897 0.723211 0.823096 0.703922 0.823096
1 0.269711 0.236765 0.306962 0.245019 0.302165 0.257946 0.264914 0.249692
1 0.364556 0.241648 0.401614 0.232893 0.406703 0.245754 0.369644 0.254509
1 0.330483 0.230692 0.346860 0.203553 0.362633 0.209236 0.346255 0.236375
1 0.484816 0.203497 0.498070 0.231636 0.481716 0.236235 0.468462 0.208097
1 0.605238 0.283267 0.605238 0.262613 0.621586 0.262613 0.621586 0.283267
1 0.284841 0.469208 0.284841 0.457967 0.303184 0.457967 0.303184 0.469208
1 0.593661 0.478506 0.593661 0.467264 0.612004 0.467264 0.612004 0.478506
1 0.593289 0.514582 0.593289 0.503341 0.611632 0.503341 0.611632 0.514582
1 0.633437 0.500638 0.633437 0.481523 0.651302 0.481523 0.651302 0.500638
0 0.067402 0.154356 0.709559 0.154356 0.709559 0.414773 0.067402 0.414773
0 0.064951 0.431818 0.664216 0.431818 0.664216 0.537879 0.064951 0.537879
0 0.683824 0.450758 0.937500 0.450758 0.937500 0.535985 0.683824 0.535985
0 0.224265 0.559659 0.762255 0.559659 0.762255 0.853220 0.224265 0.853220