2 0.222129 0.292424 0.247619 0.292424 0.247619 0.315152 0.222129 0.315152
2 0.315686 0.373593 0.347339 0.373593 0.347339 0.401299 0.315686 0.401299
2 0.747619 0.351732 0.776751 0.351732 0.776751 0.377922 0.747619 0.377922
2 0.851263 0.394895 0.878820 0.394895 0.878820 0.418509 0.851263 0.418509
2 0.767846 0.573975 0.791939 0.573975 0.791939 0.597742 0.767846 0.597742
2 0.238729 0.449458 0.264921 0.449458 0.264921 0.464167 0.238729 0.464167
1 0.249893 0.489936 0.289967 0.489936 0.289967 0.504313 0.249893 0.504313
2 0.217389 0.663582 0.249795 0.663582 0.249795 0.689711 0.217389 0.689711
1 0.184279 0.725798 0.229741 0.725798 0.229741 0.740145 0.184279 0.740145
1 0.437340 0.609574 0.484797 0.609574 0.484797 0.625165 0.437340 0.625165
1 0.468883 0.721563 0.514066 0.721563 0.514066 0.737593 0.468883 0.737593
1 0.514351 0.748134 0.552145 0.748134 0.552145 0.763065 0.514351 0.763065
1 0.080979 0.509067 0.080979 0.473753 0.101667 0.473753 0.101667 0.509067
1 0.116322 0.532560 0.116322 0.497246 0.137011 0.497246 0.137011 0.532560
1 0.171029 0.557504 0.187406 0.524536 0.206720 0.530265 0.190343 0.563233
1 0.202191 0.561657 0.215455 0.534956 0.234010 0.540460 0.220746 0.567161
1 0.236581 0.594445 0.257401 0.634265 0.237687 0.640420 0.216867 0.600600
1 0.272576 0.646320 0.324463 0.661711 0.316844 0.677049 0.264957 0.661658
1 0.398189 0.668100 0.450416 0.653412 0.457688 0.668850 0.405461 0.683539
1 0.348690 0.656516 0.383434 0.645669 0.391944 0.661946 0.357200 0.672793
1 0.457669 0.524940 0.497899 0.538781 0.488208 0.555601 0.447977 0.541760
1 0.521380 0.521410 0.533380 0.548341 0.511939 0.554045 0.499939 0.527115
1 0.549692 0.662510 0.549692 0.643836 0.568153 0.643836 0.568153 0.662510
1 0.113671 0.708000 0.113671 0.672687 0.134359 0.672687 0.134359 0.708000
0 0.065531 0.250399 0.920021 0.250399 0.920021 0.786284 0.065531 0.786284