2 0.730475 0.509245 0.746095 0.509245 0.746095 0.524653 0.730475 0.524653
2 0.875374 0.594504 0.888003 0.594504 0.888003 0.607345 0.875374 0.607345
2 0.816550 0.676425 0.833167 0.676425 0.833167 0.690293 0.816550 0.690293
2 0.608508 0.713662 0.623131 0.713662 0.623131 0.725475 0.608508 0.725475
1 0.325266 0.177793 0.349432 0.177793 0.349432 0.187856 0.325266 0.187856
1 0.123529 0.203440 0.149815 0.203440 0.149815 0.214251 0.123529 0.214251
1 0.212984 0.199672 0.244144 0.199672 0.244144 0.211302 0.212984 0.211302
1 0.222523 0.231941 0.244992 0.231941 0.244992 0.243243 0.222523 0.243243
1 0.428564 0.206880 0.458029 0.206880 0.458029 0.218673 0.428564 0.218673
1 0.518230 0.211957 0.544303 0.211957 0.544303 0.223096 0.518230 0.223096
1 0.095061 0.153433 0.094663 0.144640 0.106882 0.144310 0.107279 0.153103
1 0.541233 0.144718 0.541432 0.135921 0.553656 0.136086 0.553457 0.144883
1 0.541193 0.177676 0.541392 0.168878 0.553616 0.169043 0.553417 0.177841
1 0.309580 0.246509 0.325378 0.234301 0.333885 0.240875 0.318087 0.253082
1 0.340668 0.223327 0.356467 0.211119 0.364973 0.217692 0.349175 0.229900
1 0.350355 0.262834 0.361495 0.279730 0.350402 0.284097 0.339262 0.267202
1 0.499329 0.221336 0.516375 0.234976 0.507420 0.241659 0.490373 0.228019
1 0.556390 0.266817 0.556390 0.245266 0.568195 0.245266 0.568195 0.266817
1 0.519274 0.288083 0.528995 0.271975 0.540925 0.276274 0.531205 0.292382
1 0.556688 0.266837 0.572078 0.280045 0.562296 0.286851 0.546906 0.273643
1 0.554860 0.355899 0.554860 0.332008 0.569380 0.332008 0.569380 0.355899
1 0.085784 0.259799 0.085784 0.237895 0.101556 0.237895 0.101556 0.259799
1 0.089616 0.412399 0.089616 0.396072 0.103612 0.396072 0.103612 0.412399
1 0.070423 0.451558 0.070423 0.430570 0.081701 0.430570 0.081701 0.451558
1 0.094261 0.638729 0.094261 0.616901 0.105914 0.616901 0.105914 0.638729
1 0.338028 0.387012 0.354850 0.400473 0.345747 0.407266 0.328924 0.393805
1 0.380594 0.421246 0.397110 0.434932 0.387855 0.441601 0.371339 0.427915
1 0.488053 0.437385 0.504568 0.423699 0.513824 0.430368 0.497308 0.444054
1 0.520230 0.409538 0.537354 0.396306 0.546303 0.403221 0.529179 0.416453
1 0.556032 0.453542 0.556032 0.431135 0.568027 0.431135 0.568027 0.453542
1 0.556347 0.551492 0.556347 0.529084 0.568342 0.529084 0.568342 0.551492
1 0.557532 0.638595 0.557532 0.616803 0.569230 0.616803 0.569230 0.638595
0 0.592593 0.413300 0.940087 0.413300 0.940087 0.873737 0.592593 0.873737
0 0.053922 0.171402 0.583333 0.171402 0.583333 0.659091 0.053922 0.659091
0 0.089461 0.120265 0.578431 0.120265 0.578431 0.167614 0.089461 0.167614