1 0.097269 0.240996 0.182887 0.240996 0.182887 0.257496 0.097269 0.257496
1 0.505852 0.254799 0.543219 0.254799 0.543219 0.269713 0.505852 0.269713
1 0.328518 0.323268 0.362468 0.323268 0.362468 0.336760 0.328518 0.336760
1 0.334615 0.342221 0.372584 0.342221 0.372584 0.356462 0.334615 0.356462
1 0.515165 0.441998 0.541054 0.441998 0.541054 0.455019 0.515165 0.455019
1 0.278354 0.606655 0.306036 0.606655 0.306036 0.621212 0.278354 0.621212
1 0.162957 0.718755 0.243296 0.718755 0.243296 0.734480 0.162957 0.734480
1 0.350556 0.700901 0.408426 0.700901 0.408426 0.714660 0.350556 0.714660
2 0.374284 0.642263 0.398924 0.642263 0.398924 0.663046 0.374284 0.663046
1 0.198993 0.527600 0.270853 0.527600 0.270853 0.545455 0.198993 0.545455
1 0.320880 0.514005 0.366031 0.514005 0.366031 0.528419 0.320880 0.528419
1 0.098276 0.421607 0.122904 0.421607 0.122904 0.443566 0.098276 0.443566
1 0.511492 0.727373 0.546033 0.727373 0.546033 0.741019 0.511492 0.741019
1 0.860887 0.388196 0.887800 0.388196 0.887800 0.412359 0.860887 0.412359
1 0.808343 0.330957 0.834230 0.330957 0.834230 0.353535 0.808343 0.353535
1 0.275378 0.248287 0.304941 0.242592 0.309539 0.256841 0.279976 0.262536
1 0.248565 0.331145 0.271192 0.351981 0.256505 0.361504 0.233879 0.340667
1 0.193726 0.371455 0.228583 0.375241 0.225915 0.389911 0.191057 0.386126
1 0.313513 0.376982 0.337657 0.388192 0.327915 0.400720 0.303771 0.389510
1 0.131983 0.345480 0.145556 0.327315 0.161532 0.334442 0.147960 0.352607
1 0.285353 0.419235 0.308447 0.439764 0.293978 0.449483 0.270884 0.428954
1 0.270676 0.433409 0.286973 0.459230 0.269549 0.465797 0.253251 0.439976
1 0.252143 0.445544 0.259852 0.463877 0.242191 0.468311 0.234482 0.449978
1 0.341043 0.465311 0.379045 0.447667 0.389179 0.460699 0.351177 0.478344
1 0.386136 0.444618 0.386136 0.410360 0.405812 0.410360 0.405812 0.444618
1 0.419122 0.301842 0.441956 0.331208 0.425091 0.339038 0.402257 0.309673
1 0.138747 0.555714 0.138747 0.536438 0.157317 0.536438 0.157317 0.555714
1 0.138585 0.646979 0.138585 0.627703 0.157155 0.627703 0.157155 0.646979
0 0.061569 0.223030 0.929020 0.223030 0.929020 0.757576 0.061569 0.757576