1 0.275574 0.133192 0.296550 0.133192 0.296550 0.143881 0.275574 0.143881
1 0.276182 0.151398 0.296398 0.151398 0.296398 0.162673 0.276182 0.162673
1 0.060058 0.191695 0.104212 0.191695 0.104212 0.203367 0.060058 0.203367
1 0.180320 0.226038 0.225054 0.226038 0.225054 0.237710 0.180320 0.237710
1 0.168991 0.282828 0.179739 0.282828 0.179739 0.294052 0.168991 0.294052
1 0.053086 0.275421 0.098402 0.275421 0.098402 0.287318 0.053086 0.287318
1 0.448148 0.277666 0.460930 0.277666 0.460930 0.289562 0.448148 0.289562
1 0.308424 0.391695 0.344154 0.391695 0.344154 0.404265 0.308424 0.404265
1 0.224473 0.391695 0.259913 0.391695 0.259913 0.404265 0.224473 0.404265
1 0.163471 0.432772 0.182643 0.432772 0.182643 0.443547 0.163471 0.443547
1 0.208206 0.451178 0.227088 0.451178 0.227088 0.461728 0.208206 0.461728
1 0.273275 0.431201 0.293319 0.431201 0.293319 0.442424 0.273275 0.442424
1 0.274437 0.450954 0.293900 0.450954 0.293900 0.460831 0.274437 0.460831
1 0.383370 0.429630 0.405737 0.429630 0.405737 0.443098 0.383370 0.443098
1 0.422004 0.381594 0.458896 0.381594 0.458896 0.393042 0.422004 0.393042
1 0.613725 0.313356 0.632607 0.313356 0.632607 0.323906 0.613725 0.323906
1 0.608087 0.141414 0.638523 0.141414 0.638523 0.153023 0.608087 0.153023
1 0.273203 0.557351 0.292810 0.557351 0.292810 0.568238 0.273203 0.568238
1 0.272767 0.586083 0.292229 0.586083 0.292229 0.597419 0.272767 0.597419
1 0.372549 0.613356 0.407988 0.613356 0.407988 0.624804 0.372549 0.624804
1 0.271951 0.697578 0.291637 0.697578 0.291637 0.708288 0.271951 0.708288
2 0.612310 0.593180 0.630779 0.593180 0.630779 0.610138 0.612310 0.610138
2 0.743629 0.624687 0.759219 0.624687 0.759219 0.642295 0.743629 0.642295
2 0.796432 0.646716 0.815918 0.646716 0.815918 0.664973 0.796432 0.664973
2 0.694373 0.764352 0.713129 0.764352 0.713129 0.782232 0.694373 0.782232
2 0.650043 0.836439 0.669529 0.836439 0.669529 0.854508 0.650043 0.854508
2 0.828154 0.750286 0.844987 0.750286 0.844987 0.768153 0.828154 0.768153
1 0.198778 0.150444 0.205095 0.166411 0.189356 0.170130 0.183038 0.154163
1 0.171146 0.167379 0.192157 0.177922 0.184504 0.187028 0.163493 0.176485
1 0.204884 0.182476 0.223206 0.195678 0.213623 0.203619 0.195301 0.190417
1 0.087283 0.212911 0.113699 0.223764 0.106952 0.233569 0.080536 0.222716
1 0.346414 0.195841 0.364129 0.182152 0.374064 0.189830 0.356350 0.203518
1 0.385144 0.174050 0.405666 0.162946 0.413725 0.171841 0.393203 0.182944
1 0.373462 0.166496 0.384835 0.149247 0.397355 0.154176 0.385982 0.171425
1 0.457323 0.228063 0.457323 0.208705 0.471375 0.208705 0.471375 0.228063
1 0.485513 0.218540 0.512765 0.210456 0.517698 0.220386 0.490445 0.228469
1 0.547746 0.195986 0.547746 0.187044 0.562264 0.187044 0.562264 0.195986
1 0.368121 0.294884 0.368121 0.277502 0.381406 0.277502 0.381406 0.294884
1 0.457727 0.318996 0.457727 0.303452 0.471282 0.303452 0.471282 0.318996
1 0.518996 0.276857 0.518996 0.261313 0.532551 0.261313 0.532551 0.276857
1 0.571729 0.274825 0.571729 0.259281 0.585284 0.259281 0.585284 0.274825
1 0.546954 0.291332 0.546954 0.275787 0.560509 0.275787 0.560509 0.291332
1 0.571314 0.324059 0.571314 0.308515 0.584869 0.308515 0.584869 0.324059
1 0.546021 0.380749 0.546021 0.370832 0.560094 0.370832 0.560094 0.380749
1 0.731660 0.250860 0.731660 0.235316 0.745215 0.235316 0.745215 0.250860
1 0.733456 0.196958 0.733456 0.181414 0.747011 0.181414 0.747011 0.196958
1 0.878365 0.319286 0.878365 0.303742 0.891920 0.303742 0.891920 0.319286
1 0.770887 0.313406 0.790102 0.295070 0.802605 0.302893 0.783389 0.321229
1 0.719218 0.293765 0.740042 0.311021 0.728276 0.319499 0.707452 0.302243
1 0.065200 0.332486 0.117304 0.332486 0.117304 0.345200 0.065200 0.345200
1 0.077266 0.355796 0.119498 0.355796 0.119498 0.369146 0.077266 0.369146
1 0.148304 0.400580 0.162672 0.386869 0.174251 0.394114 0.159882 0.407825
1 0.105334 0.520355 0.105334 0.505458 0.118163 0.505458 0.118163 0.520355
1 0.519728 0.493096 0.519728 0.484778 0.532549 0.484778 0.532549 0.493096
1 0.518888 0.535539 0.518888 0.521981 0.532964 0.521981 0.532964 0.535539
1 0.518535 0.621589 0.518535 0.606125 0.531860 0.606125 0.531860 0.621589
1 0.482892 0.676668 0.482892 0.661204 0.496218 0.661204 0.496218 0.676668
1 0.459779 0.685056 0.459779 0.675879 0.472306 0.675879 0.472306 0.685056
1 0.401158 0.390981 0.410125 0.406544 0.395769 0.411483 0.386802 0.395920
0 0.519608 0.132155 0.905229 0.132155 0.905229 0.391414 0.519608 0.391414
0 0.051198 0.126263 0.517429 0.126263 0.517429 0.414141 0.051198 0.414141
0 0.095861 0.421717 0.546841 0.421717 0.546841 0.718855 0.095861 0.718855
0 0.556645 0.545455 0.915033 0.545455 0.915033 0.869529 0.556645 0.869529