2 0.754628 0.193049 0.779583 0.193049 0.779583 0.215512 0.754628 0.215512
2 0.671260 0.341810 0.695119 0.341810 0.695119 0.365967 0.671260 0.365967
2 0.584876 0.400509 0.607912 0.400509 0.607912 0.422759 0.584876 0.422759
1 0.624092 0.510913 0.652064 0.510913 0.652064 0.525111 0.624092 0.525111
1 0.698135 0.537190 0.723913 0.537190 0.723913 0.552236 0.698135 0.552236
2 0.889140 0.397306 0.910592 0.397306 0.910592 0.419839 0.889140 0.419839
1 0.529160 0.661228 0.566365 0.661228 0.566365 0.677545 0.529160 0.677545
1 0.654517 0.813779 0.679990 0.813779 0.679990 0.828801 0.654517 0.828801
1 0.722893 0.814815 0.744344 0.814815 0.744344 0.828283 0.722893 0.828283
1 0.194705 0.536964 0.218765 0.536964 0.218765 0.551017 0.194705 0.551017
1 0.354248 0.628485 0.378039 0.628485 0.378039 0.644444 0.354248 0.644444
1 0.182266 0.286734 0.223747 0.286734 0.223747 0.301549 0.182266 0.301549
1 0.374684 0.240808 0.413551 0.240808 0.413551 0.255488 0.374684 0.255488
1 0.182635 0.410089 0.206587 0.410089 0.206587 0.424242 0.182635 0.424242
1 0.252847 0.442388 0.288541 0.442388 0.288541 0.456904 0.252847 0.456904
1 0.433149 0.286557 0.433149 0.263880 0.450388 0.263880 0.450388 0.286557
1 0.201657 0.605016 0.201657 0.585147 0.219159 0.585147 0.219159 0.605016
1 0.338235 0.594828 0.338235 0.583888 0.357320 0.583888 0.357320 0.594828
1 0.292723 0.685955 0.332907 0.689767 0.330662 0.703895 0.290478 0.700082
1 0.238201 0.704199 0.240320 0.735441 0.221926 0.736186 0.219807 0.704944
1 0.125044 0.773784 0.161737 0.760563 0.169521 0.773463 0.132828 0.786684
1 0.072878 0.770290 0.072878 0.749746 0.090166 0.749746 0.090166 0.770290
1 0.428257 0.703312 0.428257 0.675212 0.444708 0.675212 0.444708 0.703312
1 0.753856 0.792626 0.753856 0.771010 0.770588 0.771010 0.770588 0.792626
0 0.102941 0.199134 0.458683 0.199134 0.458683 0.464286 0.102941 0.464286
0 0.465686 0.170996 0.926471 0.170996 0.926471 0.509740 0.465686 0.509740
0 0.070728 0.529221 0.461485 0.529221 0.461485 0.808442 0.070728 0.808442
0 0.506303 0.511905 0.797619 0.511905 0.797619 0.840909 0.506303 0.840909