2 0.799054 0.339903 0.822090 0.339903 0.822090 0.365120 0.799054 0.365120
2 0.670712 0.420216 0.696490 0.420216 0.696490 0.443738 0.670712 0.443738
2 0.592378 0.516219 0.618890 0.516219 0.618890 0.539479 0.592378 0.539479
2 0.782657 0.528809 0.805026 0.528809 0.805026 0.551003 0.782657 0.551003
2 0.645126 0.623773 0.671362 0.623773 0.671362 0.646607 0.645126 0.646607
1 0.554819 0.725566 0.603424 0.725566 0.603424 0.739863 0.554819 0.739863
2 0.443833 0.428709 0.489923 0.428709 0.489923 0.441386 0.443833 0.441386
1 0.453675 0.474707 0.498672 0.474707 0.498672 0.486901 0.453675 0.486901
2 0.377588 0.565013 0.403367 0.565013 0.403367 0.586382 0.377588 0.586382
2 0.383969 0.636863 0.406378 0.636863 0.406378 0.658675 0.383969 0.658675
2 0.272786 0.704962 0.318035 0.704962 0.318035 0.717116 0.272786 0.717116
1 0.160131 0.490728 0.185884 0.490728 0.185884 0.502638 0.160131 0.502638
1 0.201297 0.387306 0.225295 0.387306 0.225295 0.408412 0.201297 0.408412
1 0.399287 0.329477 0.445395 0.329477 0.445395 0.341598 0.399287 0.341598
1 0.180773 0.414428 0.202224 0.431004 0.190910 0.439746 0.169459 0.423170
1 0.286271 0.412840 0.286800 0.389401 0.302798 0.389617 0.302269 0.413056
1 0.282353 0.546717 0.282353 0.530316 0.298156 0.530316 0.298156 0.546717
1 0.424193 0.674063 0.424193 0.653785 0.439721 0.653785 0.439721 0.674063
1 0.478473 0.736476 0.502805 0.728880 0.508622 0.740005 0.484290 0.747601
1 0.506636 0.692333 0.528254 0.712241 0.516673 0.719749 0.495056 0.699842
0 0.049911 0.287879 0.935829 0.287879 0.935829 0.768595 0.049911 0.768595