2 0.708742 0.171717 0.731618 0.171717 0.731618 0.191919 0.708742 0.191919
2 0.722222 0.240846 0.742647 0.240846 0.742647 0.261364 0.722222 0.261364
2 0.676471 0.317235 0.697304 0.317235 0.697304 0.336806 0.676471 0.336806
2 0.868056 0.409091 0.890931 0.409091 0.890931 0.429293 0.868056 0.429293
1 0.394207 0.537516 0.408925 0.537516 0.408925 0.546218 0.394207 0.546218
1 0.478367 0.543165 0.500198 0.543165 0.500198 0.551866 0.478367 0.551866
1 0.546144 0.596566 0.562092 0.596566 0.562092 0.606465 0.546144 0.606465
1 0.476863 0.597778 0.493856 0.597778 0.493856 0.607475 0.476863 0.607475
1 0.717601 0.518110 0.748762 0.518110 0.748762 0.527497 0.717601 0.527497
1 0.717469 0.540557 0.747838 0.540557 0.747838 0.549128 0.717469 0.549128
1 0.671255 0.627181 0.703077 0.627181 0.703077 0.636160 0.671255 0.636160
1 0.893895 0.666667 0.902378 0.666667 0.902378 0.675371 0.893895 0.675371
1 0.253350 0.823181 0.285436 0.823181 0.285436 0.832568 0.253350 0.832568
1 0.420512 0.820631 0.443223 0.820631 0.443223 0.829609 0.420512 0.829609
1 0.433609 0.624668 0.433883 0.612516 0.444299 0.612657 0.444025 0.624808
1 0.434028 0.647321 0.434303 0.635169 0.444719 0.635310 0.444444 0.647461
1 0.433244 0.669973 0.433518 0.657822 0.443934 0.657962 0.443660 0.670114
1 0.433766 0.693033 0.433492 0.680881 0.443908 0.680741 0.444182 0.692892
1 0.433842 0.715553 0.433567 0.703401 0.443983 0.703261 0.444258 0.715412
1 0.433229 0.739402 0.432955 0.727250 0.443371 0.727110 0.443646 0.739261
1 0.433133 0.800066 0.432859 0.787915 0.443275 0.787774 0.443549 0.799926
1 0.432521 0.761448 0.432246 0.749297 0.442662 0.749156 0.442937 0.761308
1 0.485896 0.698299 0.485515 0.681416 0.497379 0.681256 0.497760 0.698139
1 0.509991 0.583983 0.509700 0.571137 0.519995 0.570998 0.520285 0.583844
1 0.511737 0.329755 0.514706 0.345674 0.503638 0.346907 0.500669 0.330988
1 0.483913 0.326217 0.486882 0.342136 0.475814 0.343368 0.472845 0.327449
0 0.067402 0.207386 0.518382 0.207386 0.518382 0.522727 0.067402 0.522727
0 0.520833 0.140152 0.920343 0.140152 0.920343 0.506629 0.520833 0.506629
0 0.506127 0.513258 0.928922 0.513258 0.928922 0.822917 0.506127 0.822917
0 0.066176 0.532197 0.504902 0.532197 0.504902 0.851326 0.066176 0.851326