1 0.310766 0.402373 0.344094 0.418465 0.336536 0.427811 0.303208 0.411719
2 0.723455 0.396798 0.744358 0.396798 0.744358 0.408376 0.723455 0.408376
1 0.756567 0.407090 0.791158 0.407090 0.791158 0.419097 0.756567 0.419097
1 0.827414 0.419383 0.863115 0.419383 0.863115 0.431389 0.827414 0.431389
1 0.847037 0.484372 0.882022 0.484372 0.882022 0.495199 0.847037 0.495199
2 0.796711 0.497996 0.819328 0.497996 0.819328 0.508578 0.796711 0.508578
2 0.758533 0.515793 0.781772 0.515793 0.781772 0.526856 0.758533 0.526856
2 0.437406 0.621329 0.459879 0.621329 0.459879 0.643939 0.437406 0.643939
2 0.476580 0.440376 0.502542 0.440376 0.502542 0.463664 0.476580 0.463664
1 0.412024 0.507377 0.437969 0.497162 0.444147 0.506531 0.418202 0.516747
1 0.501353 0.513839 0.515639 0.541161 0.501110 0.545696 0.486825 0.518375
1 0.622903 0.431588 0.660458 0.436705 0.657737 0.448629 0.620182 0.443512
1 0.630176 0.550417 0.635066 0.541064 0.648471 0.545249 0.643581 0.554602
0 0.108696 0.197628 0.891304 0.197628 0.891304 0.787879 0.108696 0.787879
2 0.621697 0.301187 0.645504 0.279263 0.677214 0.299823 0.653407 0.321747
2 0.674023 0.345032 0.711038 0.346031 0.709593 0.377998 0.672579 0.376999