1 0.139959 0.205329 0.162046 0.205329 0.162046 0.218913 0.139959 0.218913
1 0.271355 0.202891 0.295019 0.202891 0.295019 0.213689 0.271355 0.213689
1 0.271355 0.225879 0.296371 0.225879 0.296371 0.237548 0.271355 0.237548
1 0.357899 0.229188 0.378860 0.229188 0.378860 0.241379 0.357899 0.241379
1 0.402750 0.208464 0.423259 0.208464 0.423259 0.220307 0.402750 0.220307
1 0.477575 0.238419 0.536624 0.238419 0.536624 0.252874 0.477575 0.252874
1 0.245211 0.341344 0.258733 0.341344 0.258733 0.355103 0.245211 0.355103
1 0.279468 0.354580 0.317106 0.354580 0.317106 0.366945 0.279468 0.366945
1 0.431633 0.386967 0.444820 0.386967 0.444820 0.399839 0.431633 0.399839
1 0.380618 0.440601 0.402481 0.440601 0.402481 0.454277 0.380618 0.454277
1 0.227797 0.568627 0.249712 0.568627 0.249712 0.580511 0.227797 0.580511
1 0.190504 0.590315 0.208958 0.590315 0.208958 0.601307 0.190504 0.601307
1 0.202230 0.737077 0.224721 0.737077 0.224721 0.749703 0.202230 0.749703
1 0.348904 0.737374 0.372165 0.737374 0.372165 0.748663 0.348904 0.748663
1 0.697012 0.598124 0.715686 0.598124 0.715686 0.608947 0.697012 0.608947
1 0.670635 0.693543 0.690710 0.693543 0.690710 0.705267 0.670635 0.705267
1 0.864219 0.592196 0.882161 0.592196 0.882161 0.605863 0.864219 0.605863
2 0.641635 0.466796 0.659992 0.466796 0.659992 0.486138 0.641635 0.486138
2 0.637463 0.393939 0.657489 0.393939 0.657489 0.410058 0.637463 0.410058
2 0.745932 0.386525 0.765957 0.386525 0.765957 0.406190 0.745932 0.406190
2 0.852315 0.376531 0.872758 0.376531 0.872758 0.394584 0.852315 0.394584
1 0.437837 0.593407 0.473389 0.593407 0.473389 0.606227 0.437837 0.606227
1 0.414135 0.645688 0.435897 0.645688 0.435897 0.658175 0.414135 0.658175
1 0.364410 0.589480 0.384018 0.589480 0.384018 0.601772 0.364410 0.601772
1 0.456345 0.666667 0.487236 0.666667 0.487236 0.678816 0.456345 0.678816
1 0.128511 0.279825 0.127364 0.262916 0.142282 0.262312 0.143429 0.279221
1 0.088511 0.348834 0.087364 0.331925 0.102282 0.331321 0.103429 0.348230
1 0.085409 0.328146 0.083632 0.301940 0.101145 0.301231 0.102922 0.327437
1 0.063311 0.354862 0.062929 0.337932 0.077865 0.337731 0.078248 0.354661
1 0.058427 0.399530 0.098481 0.391755 0.103171 0.406183 0.063117 0.413957
1 0.128864 0.411684 0.128439 0.394591 0.145062 0.394344 0.145487 0.411438
1 0.172589 0.425945 0.188744 0.414263 0.200104 0.423644 0.183949 0.435325
1 0.266649 0.312585 0.266391 0.302192 0.282692 0.301950 0.282950 0.312343
1 0.462676 0.350611 0.462230 0.332668 0.477298 0.332445 0.477744 0.350388
1 0.491476 0.315449 0.491030 0.297506 0.506097 0.297282 0.506543 0.315226
1 0.513739 0.352589 0.513293 0.334646 0.528361 0.334422 0.528807 0.352365
1 0.156259 0.641492 0.156259 0.622494 0.172700 0.622494 0.172700 0.641492
1 0.142454 0.640264 0.164736 0.648292 0.157788 0.659806 0.135506 0.651777
1 0.092609 0.689277 0.092340 0.677334 0.108472 0.677117 0.108742 0.689060
1 0.306013 0.638081 0.305669 0.622861 0.321661 0.622645 0.322005 0.637865
1 0.513574 0.528321 0.537038 0.520625 0.542729 0.530986 0.519265 0.538682
1 0.552565 0.531828 0.576029 0.524132 0.581720 0.534492 0.558257 0.542189
1 0.629222 0.550673 0.640396 0.568376 0.627305 0.573310 0.616130 0.555607
1 0.662331 0.567383 0.673505 0.585086 0.660414 0.590020 0.649240 0.572317
1 0.670995 0.637944 0.691082 0.650070 0.682114 0.658940 0.662028 0.646813
1 0.617296 0.653865 0.622339 0.662618 0.608683 0.667316 0.603640 0.658563
1 0.554608 0.677943 0.561634 0.696877 0.547633 0.699979 0.540607 0.681045
1 0.701961 0.687879 0.701253 0.672213 0.715713 0.671823 0.716421 0.687489
1 0.524670 0.720041 0.536242 0.737591 0.523264 0.742701 0.511692 0.725151
1 0.888491 0.645991 0.888491 0.626294 0.903056 0.626294 0.903056 0.645991
1 0.912498 0.664717 0.912498 0.645020 0.927064 0.645020 0.927064 0.664717
0 0.448880 0.505411 0.955882 0.505411 0.955882 0.753247 0.448880 0.753247
0 0.083333 0.558442 0.440476 0.558442 0.440476 0.758658 0.083333 0.758658
0 0.038515 0.185065 0.044118 0.545455 0.402661 0.544372 0.654762 0.181818