2 0.419076 0.137904 0.441675 0.137904 0.441675 0.158706 0.419076 0.158706
2 0.342639 0.139188 0.365570 0.139188 0.365570 0.159733 0.342639 0.159733
2 0.263210 0.257062 0.284480 0.257062 0.284480 0.275809 0.263210 0.275809
2 0.214025 0.292758 0.234297 0.292758 0.234297 0.312275 0.214025 0.312275
2 0.326354 0.331022 0.344965 0.331022 0.344965 0.351310 0.326354 0.351310
2 0.482220 0.336672 0.506148 0.336672 0.506148 0.356703 0.482220 0.356703
1 0.497434 0.444074 0.538497 0.444074 0.538497 0.458829 0.497434 0.458829
1 0.429063 0.486752 0.466636 0.486752 0.466636 0.502459 0.429063 0.502459
1 0.409558 0.582897 0.445078 0.582897 0.445078 0.598128 0.409558 0.598128
1 0.619954 0.665478 0.646098 0.665478 0.646098 0.678550 0.619954 0.678550
1 0.763863 0.712284 0.787055 0.712284 0.787055 0.725644 0.763863 0.725644
1 0.820156 0.755621 0.856420 0.755621 0.856420 0.769306 0.820156 0.769306
1 0.822897 0.779081 0.858528 0.779081 0.858528 0.791463 0.822897 0.791463
1 0.651848 0.837059 0.674735 0.837059 0.674735 0.849578 0.651848 0.849578
1 0.795084 0.837066 0.818954 0.837066 0.818954 0.849188 0.795084 0.849188
1 0.395977 0.522235 0.395977 0.499115 0.414948 0.499115 0.414948 0.522235
1 0.365928 0.558638 0.365928 0.539044 0.383097 0.539044 0.383097 0.558638
1 0.875223 0.473436 0.875223 0.455501 0.893338 0.455501 0.893338 0.473436
1 0.875457 0.512774 0.875457 0.494840 0.893573 0.494840 0.893573 0.512774
1 0.901411 0.561362 0.901411 0.543428 0.919526 0.543428 0.919526 0.561362
1 0.869875 0.537977 0.869875 0.530622 0.889203 0.530622 0.889203 0.537977
1 0.870364 0.546816 0.870364 0.539461 0.889692 0.539461 0.889692 0.546816
1 0.869580 0.556049 0.869580 0.548693 0.888907 0.548693 0.888907 0.556049
1 0.869050 0.565478 0.869050 0.558123 0.888378 0.558123 0.888378 0.565478
1 0.870048 0.575891 0.870048 0.568536 0.889376 0.568536 0.889376 0.575891
1 0.874483 0.650746 0.874483 0.632812 0.892598 0.632812 0.892598 0.650746
1 0.874625 0.797838 0.874625 0.779904 0.892740 0.779904 0.892740 0.797838
1 0.595316 0.831114 0.595316 0.813180 0.613432 0.813180 0.613432 0.831114
1 0.412459 0.766643 0.412459 0.734072 0.430156 0.734072 0.430156 0.766643
1 0.411984 0.875557 0.411984 0.842986 0.429680 0.842986 0.429680 0.875557
1 0.376949 0.813887 0.376949 0.796091 0.397708 0.796091 0.397708 0.813887
1 0.073195 0.782767 0.073195 0.773629 0.088081 0.773629 0.088081 0.782767
0 0.050980 0.116162 0.543791 0.116162 0.543791 0.447475 0.050980 0.447475
0 0.358170 0.435354 0.932026 0.435354 0.932026 0.691919 0.358170 0.691919
0 0.069281 0.716162 0.380392 0.716162 0.380392 0.841414 0.069281 0.841414
0 0.385621 0.706061 0.922876 0.706061 0.922876 0.881818 0.385621 0.881818