2 0.773504 0.309764 0.794620 0.309764 0.794620 0.328930 0.773504 0.328930
2 0.576420 0.485625 0.594855 0.485625 0.594855 0.505310 0.576420 0.505310
1 0.253645 0.501166 0.296213 0.501166 0.296213 0.515929 0.253645 0.515929
2 0.164884 0.476400 0.186988 0.476400 0.186988 0.495868 0.164884 0.495868
2 0.431313 0.650854 0.448663 0.650854 0.448663 0.664279 0.431313 0.664279
2 0.638661 0.622721 0.656941 0.622721 0.656941 0.639986 0.638661 0.639986
2 0.726779 0.510322 0.746153 0.510322 0.746153 0.526983 0.726779 0.526983
2 0.394400 0.441474 0.416186 0.441474 0.416186 0.463062 0.394400 0.463062
1 0.644301 0.342679 0.658248 0.327846 0.673787 0.336569 0.659840 0.351403
1 0.359079 0.521558 0.385621 0.542796 0.371062 0.553660 0.344521 0.532422
1 0.419812 0.529421 0.448206 0.549177 0.434664 0.560799 0.406270 0.541043
0 0.125000 0.224747 0.879902 0.224747 0.879902 0.795455 0.125000 0.795455