2 0.544526 0.223801 0.559436 0.223801 0.559436 0.237689 0.544526 0.237689
2 0.782193 0.177737 0.794678 0.177737 0.794678 0.191589 0.782193 0.191589
2 0.790196 0.246135 0.804762 0.246135 0.804762 0.259246 0.790196 0.259246
2 0.851242 0.425227 0.867240 0.425227 0.867240 0.438136 0.851242 0.438136
2 0.823494 0.444809 0.835669 0.444809 0.835669 0.456733 0.823494 0.456733
1 0.800134 0.494257 0.817973 0.494257 0.817973 0.504759 0.800134 0.504759
2 0.707592 0.441332 0.721842 0.441332 0.721842 0.453312 0.707592 0.453312
1 0.709904 0.494302 0.729847 0.494302 0.729847 0.505180 0.709904 0.505180
1 0.725825 0.533541 0.758338 0.533541 0.758338 0.545584 0.725825 0.545584
1 0.748953 0.588060 0.758673 0.588060 0.758673 0.599327 0.748953 0.599327
1 0.596950 0.495726 0.626110 0.495726 0.626110 0.507252 0.596950 0.507252
1 0.535780 0.521368 0.571644 0.521368 0.571644 0.532375 0.535780 0.532375
1 0.474275 0.573945 0.503771 0.573945 0.503771 0.584693 0.474275 0.584693
1 0.627283 0.621471 0.654433 0.621471 0.654433 0.633644 0.627283 0.633644
1 0.899694 0.624079 0.931490 0.624079 0.931490 0.634635 0.899694 0.634635
1 0.794379 0.686768 0.829020 0.686768 0.829020 0.699192 0.794379 0.699192
1 0.804967 0.707576 0.839477 0.707576 0.839477 0.718283 0.804967 0.718283
1 0.798693 0.724545 0.833333 0.724545 0.833333 0.737677 0.798693 0.737677
1 0.813987 0.785960 0.844837 0.785960 0.844837 0.797677 0.813987 0.797677
1 0.763660 0.819899 0.793595 0.819899 0.793595 0.831212 0.763660 0.831212
1 0.157879 0.480808 0.185911 0.480808 0.185911 0.492368 0.157879 0.492368
1 0.339288 0.481145 0.368192 0.481145 0.368192 0.492368 0.339288 0.492368
1 0.166405 0.622727 0.196863 0.622727 0.196863 0.634242 0.166405 0.634242
1 0.466247 0.393939 0.511316 0.393939 0.511316 0.408563 0.466247 0.408563
1 0.386060 0.243480 0.396595 0.243480 0.396595 0.255842 0.386060 0.255842
1 0.331041 0.240615 0.353088 0.240615 0.353088 0.253279 0.331041 0.253279
1 0.289874 0.175486 0.310360 0.175486 0.310360 0.187396 0.289874 0.187396
1 0.341967 0.178200 0.361672 0.178200 0.361672 0.189959 0.341967 0.189959
1 0.246952 0.159355 0.275046 0.159355 0.275046 0.170813 0.246952 0.170813
1 0.211248 0.174431 0.232709 0.174431 0.232709 0.186039 0.211248 0.186039
1 0.171447 0.247249 0.189591 0.247249 0.189591 0.257500 0.171447 0.257500
1 0.110633 0.204917 0.134721 0.235895 0.120338 0.242573 0.096251 0.211595
1 0.060938 0.306150 0.060519 0.287576 0.073470 0.287401 0.073889 0.305975
1 0.124109 0.303073 0.142061 0.318479 0.131684 0.325698 0.113733 0.310292
1 0.282748 0.354342 0.283484 0.338040 0.296694 0.338396 0.295957 0.354699
1 0.376083 0.318710 0.394687 0.302173 0.404909 0.309040 0.386305 0.325577
1 0.281546 0.229684 0.281546 0.214819 0.295822 0.214819 0.295822 0.229684
1 0.426129 0.258079 0.426129 0.243214 0.440404 0.243214 0.440404 0.258079
1 0.459444 0.303807 0.459444 0.282494 0.474143 0.282494 0.474143 0.303807
1 0.514662 0.598144 0.514662 0.581627 0.528970 0.581627 0.528970 0.598144
1 0.778219 0.627082 0.778219 0.607502 0.790684 0.607502 0.790684 0.627082
1 0.745929 0.643118 0.769773 0.655083 0.762424 0.663827 0.738580 0.651862
1 0.865938 0.644207 0.874250 0.665215 0.861347 0.668264 0.853035 0.647255
1 0.843960 0.723670 0.843960 0.707895 0.857421 0.707895 0.857421 0.723670
1 0.691446 0.782527 0.691446 0.774383 0.706416 0.774383 0.706416 0.782527
1 0.735813 0.767394 0.757950 0.775737 0.750971 0.786794 0.728834 0.778451
1 0.579383 0.810240 0.578953 0.791211 0.594871 0.790997 0.595301 0.810025
1 0.608189 0.803298 0.608189 0.790140 0.621408 0.790140 0.621408 0.803298
1 0.608336 0.834434 0.608336 0.818313 0.621719 0.818313 0.621719 0.834434
1 0.638442 0.839753 0.638442 0.823632 0.651826 0.823632 0.651826 0.839753
1 0.369571 0.794783 0.434599 0.794783 0.434599 0.808592 0.369571 0.808592
1 0.384711 0.825470 0.384499 0.816111 0.400243 0.815899 0.400454 0.825258
0 0.069853 0.472538 0.507353 0.472538 0.507353 0.857955 0.069853 0.857955
0 0.514706 0.491477 0.937500 0.491477 0.937500 0.856061 0.514706 0.856061
0 0.515931 0.146780 0.916667 0.146780 0.916667 0.486742 0.515931 0.486742
0 0.055147 0.153409 0.518382 0.153409 0.518382 0.466856 0.055147 0.466856