1 0.267298 0.307732 0.292765 0.307732 0.292765 0.320968 0.267298 0.320968
1 0.699580 0.311824 0.723915 0.311824 0.723915 0.323728 0.699580 0.323728
2 0.667558 0.391552 0.696078 0.391552 0.696078 0.414325 0.667558 0.414325
1 0.402966 0.548660 0.439417 0.548660 0.439417 0.562840 0.402966 0.562840
2 0.603250 0.578724 0.634787 0.578724 0.634787 0.603094 0.603250 0.603094
2 0.664404 0.636787 0.691005 0.636787 0.691005 0.659674 0.664404 0.659674
1 0.477225 0.692075 0.520362 0.692075 0.520362 0.705828 0.477225 0.705828
1 0.317388 0.664003 0.360052 0.664003 0.360052 0.678821 0.317388 0.678821
1 0.637062 0.667264 0.678982 0.667264 0.678982 0.681146 0.637062 0.681146
1 0.431930 0.750185 0.456480 0.750185 0.456480 0.765952 0.431930 0.765952
1 0.254824 0.231634 0.279634 0.222284 0.288458 0.236265 0.263649 0.245616
1 0.243979 0.280578 0.257780 0.299050 0.240346 0.306828 0.226544 0.288356
1 0.204074 0.411468 0.224907 0.397474 0.238114 0.409215 0.217281 0.423208
1 0.220101 0.475512 0.258120 0.461184 0.265744 0.473262 0.227725 0.487591
1 0.343723 0.444689 0.370115 0.428756 0.380835 0.439358 0.354442 0.455291
1 0.276355 0.539216 0.292171 0.503724 0.309057 0.508216 0.293241 0.543709
1 0.198360 0.545982 0.220992 0.526560 0.235041 0.536334 0.212409 0.555757
1 0.225016 0.607434 0.233048 0.584271 0.253057 0.588414 0.245024 0.611577
1 0.120547 0.644202 0.120547 0.620222 0.141261 0.620222 0.141261 0.644202
1 0.441860 0.504183 0.465200 0.525677 0.452630 0.533827 0.429290 0.512332
1 0.417325 0.412049 0.449677 0.405351 0.454183 0.418346 0.421832 0.425045
1 0.544710 0.404160 0.576739 0.411727 0.571649 0.424593 0.539620 0.417026
1 0.622111 0.427372 0.649207 0.442584 0.638973 0.453469 0.611877 0.438256
1 0.712205 0.226632 0.739482 0.238123 0.729608 0.252117 0.702332 0.240625
1 0.733070 0.304942 0.747464 0.283667 0.765743 0.291052 0.751350 0.312326
1 0.764994 0.401483 0.790271 0.418462 0.778848 0.428616 0.753571 0.411636
1 0.834725 0.489009 0.845629 0.513479 0.829166 0.517860 0.818262 0.493389
1 0.735065 0.481843 0.776868 0.486383 0.774504 0.499378 0.732701 0.494839
1 0.704779 0.509446 0.718083 0.547811 0.699008 0.551761 0.685705 0.513396
1 0.761431 0.534255 0.788503 0.551808 0.776058 0.563269 0.748986 0.545716
1 0.767591 0.584930 0.785427 0.605362 0.768655 0.614103 0.750820 0.593671
1 0.817350 0.603763 0.816955 0.586275 0.835719 0.586022 0.836114 0.603510
1 0.144682 0.508173 0.151704 0.490426 0.173096 0.495480 0.166075 0.513227
0 0.107026 0.217172 0.888072 0.217172 0.888072 0.784091 0.107026 0.784091