1 0.097707 0.211864 0.112330 0.211864 0.112330 0.227273 0.097707 0.227273
1 0.537921 0.211549 0.550314 0.211549 0.550314 0.224986 0.537921 0.224986
1 0.532186 0.379503 0.589160 0.379503 0.589160 0.394511 0.532186 0.394511
1 0.500740 0.405232 0.558639 0.405232 0.558639 0.419525 0.500740 0.419525
1 0.305544 0.426750 0.342867 0.426750 0.342867 0.440543 0.305544 0.440543
1 0.309872 0.453501 0.338269 0.453501 0.338269 0.467921 0.309872 0.467921
1 0.195740 0.453083 0.219811 0.453083 0.219811 0.468548 0.195740 0.468548
1 0.753544 0.435897 0.790950 0.435897 0.790950 0.450583 0.753544 0.450583
2 0.424066 0.615325 0.443799 0.615325 0.443799 0.630766 0.424066 0.630766
2 0.408330 0.671878 0.427813 0.671878 0.427813 0.688091 0.408330 0.688091
2 0.553203 0.697356 0.573186 0.697356 0.573186 0.715692 0.553203 0.715692
2 0.391095 0.812584 0.410828 0.812584 0.410828 0.829184 0.391095 0.829184
1 0.075163 0.220925 0.075163 0.202088 0.091238 0.202088 0.091238 0.220925
1 0.088995 0.316162 0.088995 0.289171 0.105654 0.289171 0.105654 0.316162
1 0.580006 0.218389 0.580006 0.199552 0.596081 0.199552 0.596081 0.218389
1 0.545960 0.313711 0.545960 0.287589 0.564323 0.287589 0.564323 0.313711
1 0.218562 0.502222 0.242804 0.493086 0.250665 0.505539 0.226423 0.514676
1 0.282165 0.497638 0.301892 0.483424 0.314120 0.493557 0.294394 0.507772
1 0.353742 0.480257 0.368432 0.497736 0.353394 0.505283 0.338704 0.487803
1 0.405183 0.493089 0.428056 0.504134 0.418554 0.515884 0.395681 0.504840
1 0.434014 0.516524 0.434014 0.495682 0.451945 0.495682 0.451945 0.516524
1 0.559927 0.539945 0.559927 0.519103 0.577858 0.519103 0.577858 0.539945
1 0.521580 0.573606 0.521580 0.557228 0.540410 0.557228 0.540410 0.573606
1 0.664842 0.529128 0.694989 0.519240 0.703256 0.534289 0.673109 0.544177
1 0.850352 0.517912 0.880498 0.527801 0.872232 0.542849 0.842085 0.532961
0 0.604314 0.426667 0.940000 0.426667 0.940000 0.581818 0.604314 0.581818
0 0.287451 0.587879 0.762745 0.587879 0.762745 0.872727 0.287451 0.872727
0 0.119608 0.421818 0.591765 0.421818 0.591765 0.583030 0.119608 0.583030
0 0.063137 0.140606 0.638824 0.140606 0.638824 0.418182 0.063137 0.418182