2 0.293514 0.139394 0.311011 0.139394 0.311011 0.153846 0.293514 0.153846
2 0.293698 0.485910 0.310483 0.485910 0.310483 0.499823 0.293698 0.499823
1 0.477546 0.562724 0.508328 0.562724 0.508328 0.574943 0.477546 0.574943
1 0.470588 0.578690 0.503479 0.578690 0.503479 0.589606 0.470588 0.589606
1 0.467004 0.631313 0.535104 0.631313 0.535104 0.644184 0.467004 0.644184
1 0.647691 0.508472 0.694919 0.508472 0.694919 0.521668 0.647691 0.521668
1 0.606156 0.493646 0.625975 0.493646 0.625975 0.503910 0.606156 0.503910
1 0.691756 0.478332 0.699979 0.478332 0.699979 0.489084 0.691756 0.489084
1 0.786930 0.493228 0.804962 0.493228 0.804962 0.503362 0.786930 0.503362
1 0.812217 0.563366 0.873660 0.563366 0.873660 0.575635 0.812217 0.575635
2 0.705236 0.662005 0.721827 0.662005 0.721827 0.678155 0.705236 0.678155
2 0.502866 0.691142 0.520965 0.691142 0.520965 0.709557 0.502866 0.709557
2 0.566817 0.800466 0.587934 0.800466 0.587934 0.818182 0.566817 0.818182
2 0.630769 0.766434 0.650679 0.766434 0.650679 0.786247 0.630769 0.786247
2 0.762293 0.831935 0.781599 0.831935 0.781599 0.851049 0.762293 0.851049
2 0.843741 0.799767 0.864555 0.799767 0.864555 0.815851 0.843741 0.815851
1 0.226698 0.183294 0.255179 0.176566 0.259613 0.187775 0.231133 0.194503
1 0.080987 0.267413 0.080987 0.252563 0.096762 0.252563 0.096762 0.267413
1 0.247889 0.296602 0.277721 0.303212 0.273356 0.314973 0.243524 0.308363
1 0.238781 0.337064 0.258131 0.324955 0.267498 0.333894 0.248148 0.346002
1 0.311929 0.301387 0.335327 0.294806 0.340417 0.305614 0.317020 0.312194
1 0.284990 0.296291 0.294317 0.278451 0.308118 0.282760 0.298790 0.300599
1 0.429689 0.351393 0.429689 0.341330 0.444536 0.341330 0.444536 0.351393
1 0.473043 0.378275 0.479554 0.369561 0.492412 0.375297 0.485901 0.384012
1 0.082092 0.384723 0.082092 0.369872 0.097867 0.369872 0.097867 0.384723
1 0.386474 0.474084 0.409199 0.462680 0.417187 0.472185 0.394461 0.483589
1 0.615313 0.224627 0.632431 0.224627 0.632431 0.236652 0.615313 0.236652
2 0.591970 0.175325 0.627762 0.175325 0.627762 0.189514 0.591970 0.189514
1 0.897322 0.592905 0.897322 0.577162 0.909852 0.577162 0.909852 0.592905
1 0.477090 0.628477 0.477090 0.612734 0.489620 0.612734 0.489620 0.628477
1 0.081603 0.574866 0.081603 0.556707 0.097318 0.556707 0.097318 0.574866
1 0.079666 0.623948 0.079666 0.605789 0.095381 0.605789 0.095381 0.623948
0 0.068627 0.132155 0.502179 0.132155 0.502179 0.513468 0.068627 0.513468
0 0.562092 0.148148 0.715686 0.148148 0.715686 0.491582 0.562092 0.491582
0 0.469499 0.489899 0.920479 0.489899 0.920479 0.647306 0.469499 0.647306
0 0.433551 0.630471 0.905229 0.630471 0.905229 0.871212 0.433551 0.871212
0 0.069717 0.522727 0.466231 0.522727 0.466231 0.644781 0.069717 0.644781