2 0.447443 0.232115 0.472104 0.232115 0.472104 0.254920 0.447443 0.254920
2 0.641096 0.292096 0.670204 0.292096 0.670204 0.320837 0.641096 0.320837
1 0.725591 0.339269 0.825045 0.339269 0.825045 0.362387 0.725591 0.362387
1 0.758338 0.407685 0.856580 0.407685 0.856580 0.432052 0.758338 0.432052
1 0.783000 0.592315 0.870730 0.592315 0.870730 0.628866 0.783000 0.628866
2 0.585282 0.630887 0.614103 0.630887 0.614103 0.660460 0.585282 0.660460
1 0.409520 0.721796 0.516773 0.721796 0.516773 0.746258 0.409520 0.746258
2 0.195488 0.622855 0.227616 0.622855 0.227616 0.653158 0.195488 0.653158
2 0.353949 0.420561 0.382170 0.420561 0.382170 0.449448 0.353949 0.449448
2 0.116609 0.401783 0.171511 0.401783 0.171511 0.426025 0.116609 0.426025
0 0.108569 0.222222 0.895788 0.222222 0.895788 0.762065 0.108569 0.762065