2 0.609401 0.167091 0.631024 0.167091 0.631024 0.189182 0.609401 0.189182
2 0.684167 0.206740 0.706157 0.206740 0.706157 0.229397 0.684167 0.229397
2 0.627726 0.457661 0.651182 0.457661 0.651182 0.478335 0.627726 0.478335
2 0.877314 0.344662 0.898571 0.344662 0.898571 0.368168 0.877314 0.368168
1 0.179282 0.426785 0.206979 0.426785 0.206979 0.437169 0.179282 0.437169
1 0.265117 0.447552 0.294186 0.447552 0.294186 0.458996 0.265117 0.458996
1 0.265940 0.502013 0.293089 0.502013 0.293089 0.513244 0.265940 0.513244
1 0.123076 0.503924 0.142137 0.503924 0.142137 0.514065 0.123076 0.514065
1 0.111046 0.524568 0.129013 0.524568 0.129013 0.534951 0.111046 0.534951
1 0.428834 0.503562 0.447114 0.503562 0.447114 0.514306 0.428834 0.514306
1 0.404822 0.561179 0.415633 0.561179 0.415633 0.571663 0.404822 0.571663
1 0.403922 0.750080 0.415480 0.750080 0.415480 0.760606 0.403922 0.760606
1 0.142563 0.761050 0.151805 0.761050 0.151805 0.772631 0.142563 0.772631
1 0.262957 0.816059 0.292931 0.816059 0.292931 0.826867 0.262957 0.826867
1 0.600430 0.527421 0.618221 0.527421 0.618221 0.537029 0.600430 0.537029
1 0.666619 0.512491 0.686705 0.512491 0.686705 0.523134 0.666619 0.523134
1 0.711000 0.511752 0.729747 0.511752 0.729747 0.523134 0.711000 0.523134
1 0.754615 0.512047 0.776805 0.512047 0.776805 0.523134 0.754615 0.523134
1 0.854095 0.497178 0.871011 0.497178 0.871011 0.507873 0.854095 0.507873
1 0.629954 0.746293 0.642470 0.746293 0.642470 0.757898 0.629954 0.757898
1 0.658740 0.747260 0.677931 0.747260 0.677931 0.758865 0.658740 0.758865
1 0.619942 0.803030 0.642470 0.803030 0.642470 0.813024 0.619942 0.813024
1 0.656654 0.802386 0.680017 0.802386 0.680017 0.813669 0.656654 0.813669
1 0.719650 0.818827 0.751773 0.818827 0.751773 0.831399 0.719650 0.831399
1 0.881101 0.660542 0.894451 0.660542 0.894451 0.672469 0.881101 0.672469
1 0.468553 0.256575 0.468553 0.235778 0.481964 0.235778 0.481964 0.256575
1 0.493632 0.311248 0.493632 0.290450 0.507043 0.290450 0.507043 0.311248
1 0.078221 0.560932 0.088973 0.560932 0.088973 0.570870 0.078221 0.570870
1 0.167209 0.583674 0.181230 0.564909 0.194376 0.570774 0.180356 0.589539
1 0.341556 0.581134 0.341556 0.570020 0.354792 0.570020 0.354792 0.581134
1 0.383759 0.561362 0.394898 0.577550 0.381356 0.583114 0.370217 0.566926
1 0.417581 0.518731 0.427978 0.523370 0.420337 0.533597 0.409939 0.528958
1 0.449891 0.588494 0.449891 0.575230 0.465221 0.575230 0.465221 0.588494
1 0.466827 0.680079 0.466827 0.660111 0.482149 0.660111 0.482149 0.680079
1 0.486872 0.684342 0.486872 0.664373 0.502194 0.664373 0.502194 0.684342
1 0.647327 0.571632 0.657424 0.553251 0.671528 0.557877 0.661431 0.576258
1 0.562955 0.603723 0.562955 0.588424 0.577365 0.588424 0.577365 0.603723
1 0.562636 0.639444 0.562636 0.624145 0.577047 0.624145 0.577047 0.639444
1 0.562433 0.674267 0.562433 0.658968 0.576844 0.658968 0.576844 0.674267
1 0.562231 0.709269 0.562231 0.693970 0.576642 0.693970 0.576642 0.709269
1 0.561679 0.739955 0.561679 0.724656 0.576090 0.724656 0.576090 0.739955
1 0.562175 0.781611 0.562175 0.766312 0.576586 0.766312 0.576586 0.781611
1 0.623299 0.740667 0.623299 0.725368 0.637710 0.725368 0.637710 0.740667
1 0.722847 0.784190 0.722847 0.774564 0.735476 0.774564 0.735476 0.784190
1 0.898020 0.519079 0.911714 0.536014 0.898721 0.542287 0.885027 0.525353
0 0.090686 0.181818 0.514706 0.181818 0.514706 0.465909 0.090686 0.465909
0 0.526961 0.147727 0.922794 0.147727 0.922794 0.506629 0.526961 0.506629
0 0.544118 0.495265 0.919118 0.495265 0.919118 0.841856 0.544118 0.841856
0 0.067402 0.493371 0.512255 0.493371 0.512255 0.832386 0.067402 0.832386