1 0.399440 0.204545 0.422689 0.204545 0.422689 0.216017 0.399440 0.216017
1 0.511485 0.202814 0.533894 0.202814 0.533894 0.215152 0.511485 0.215152
1 0.600560 0.234416 0.655182 0.234416 0.655182 0.246753 0.600560 0.246753
2 0.426050 0.295671 0.449860 0.295671 0.449860 0.316883 0.426050 0.316883
2 0.318207 0.272511 0.340896 0.272511 0.340896 0.294805 0.318207 0.294805
2 0.344538 0.348268 0.368908 0.348268 0.368908 0.367965 0.344538 0.367965
2 0.511648 0.567957 0.534945 0.567957 0.534945 0.596760 0.511648 0.596760
2 0.600951 0.546355 0.631237 0.546355 0.631237 0.570657 0.600951 0.570657
1 0.487187 0.600360 0.520579 0.600360 0.520579 0.613261 0.487187 0.613261
1 0.364104 0.612661 0.398272 0.612661 0.398272 0.627663 0.364104 0.627663
1 0.356339 0.679868 0.385459 0.679868 0.385459 0.693369 0.356339 0.693369
1 0.548534 0.682268 0.579208 0.682268 0.579208 0.693669 0.548534 0.693669
1 0.559406 0.768677 0.583479 0.768677 0.583479 0.783378 0.559406 0.783378
1 0.363716 0.768677 0.389730 0.768677 0.389730 0.782778 0.363716 0.782778
1 0.708267 0.668032 0.770800 0.668032 0.770800 0.683593 0.708267 0.683593
1 0.747483 0.610702 0.809663 0.610702 0.809663 0.624898 0.747483 0.624898
1 0.787405 0.523342 0.843579 0.523342 0.843579 0.539449 0.787405 0.539449
1 0.671524 0.446628 0.726638 0.446628 0.726638 0.461370 0.671524 0.461370
1 0.375719 0.440826 0.415520 0.440826 0.415520 0.455148 0.375719 0.455148
1 0.521266 0.439469 0.559701 0.439469 0.559701 0.452887 0.521266 0.452887
1 0.558726 0.460425 0.600868 0.460425 0.600868 0.473994 0.558726 0.473994
1 0.451770 0.527359 0.482808 0.527359 0.482808 0.539997 0.451770 0.539997
1 0.528543 0.274542 0.560577 0.258466 0.571534 0.271503 0.539499 0.287579
1 0.279801 0.292689 0.279801 0.272244 0.296282 0.272244 0.296282 0.292689
1 0.280573 0.387561 0.280573 0.367117 0.297054 0.367117 0.297054 0.387561
1 0.238705 0.371563 0.238705 0.351118 0.255186 0.351118 0.255186 0.371563
1 0.377070 0.377311 0.410520 0.369408 0.415501 0.381997 0.382051 0.389900
1 0.526108 0.369536 0.557808 0.380958 0.550609 0.392889 0.518908 0.381466
1 0.560364 0.489037 0.594810 0.493731 0.591852 0.506695 0.557405 0.502001
1 0.338287 0.494431 0.372622 0.489274 0.375872 0.502196 0.341537 0.507354
1 0.246817 0.543100 0.251607 0.552742 0.236761 0.557146 0.231971 0.547504
1 0.366250 0.572953 0.376773 0.605568 0.360381 0.608726 0.349857 0.576111
1 0.340633 0.590506 0.353275 0.606139 0.339152 0.612959 0.326510 0.597326
1 0.170339 0.609034 0.181538 0.625311 0.166834 0.631353 0.155634 0.615076
1 0.577199 0.597064 0.595474 0.585215 0.606179 0.595073 0.587904 0.606922
1 0.515414 0.635313 0.522333 0.601555 0.540925 0.603830 0.534005 0.637588
1 0.534548 0.665510 0.544498 0.632207 0.562838 0.635479 0.552888 0.668782
2 0.814329 0.458275 0.814329 0.436597 0.844193 0.436597 0.844193 0.458275
0 0.119430 0.180441 0.885918 0.180441 0.885918 0.801653 0.119430 0.801653