1 0.199575 0.108921 0.221240 0.108921 0.221240 0.121212 0.199575 0.121212
1 0.320513 0.109345 0.343823 0.109345 0.343823 0.122272 0.320513 0.122272
1 0.465803 0.121504 0.513849 0.126722 0.511050 0.142110 0.463004 0.136892
1 0.478264 0.147589 0.526310 0.152806 0.523511 0.168194 0.475465 0.162977
1 0.517440 0.216481 0.555188 0.219546 0.553447 0.232344 0.515700 0.229278
1 0.533192 0.242290 0.589209 0.246839 0.587295 0.260916 0.531277 0.256366
1 0.268435 0.405961 0.279492 0.405961 0.279492 0.417089 0.268435 0.417089
1 0.264192 0.428018 0.283864 0.428018 0.283864 0.439444 0.264192 0.439444
1 0.263934 0.447392 0.294407 0.447392 0.294407 0.459513 0.263934 0.459513
1 0.681735 0.473647 0.735752 0.473647 0.735752 0.494046 0.681735 0.494046
2 0.677087 0.676186 0.697618 0.676186 0.697618 0.693955 0.677087 0.693955
2 0.567242 0.656989 0.583667 0.656989 0.583667 0.673489 0.567242 0.673489
2 0.467457 0.715691 0.487373 0.715691 0.487373 0.732984 0.467457 0.732984
2 0.692559 0.767968 0.711538 0.767968 0.711538 0.784577 0.692559 0.784577
2 0.084364 0.305539 0.104846 0.305539 0.104846 0.324069 0.084364 0.324069
1 0.068633 0.252984 0.096853 0.245898 0.102214 0.258649 0.073994 0.265735
1 0.196008 0.204427 0.222493 0.221000 0.212032 0.230982 0.185547 0.214410
1 0.226591 0.292596 0.248497 0.272423 0.261232 0.280680 0.239326 0.300853
1 0.225184 0.367733 0.233680 0.339297 0.248527 0.341945 0.240031 0.370381
1 0.309511 0.339278 0.323077 0.372730 0.307859 0.376415 0.294293 0.342964
1 0.349854 0.200154 0.356468 0.208527 0.343924 0.214444 0.337310 0.206071
1 0.458593 0.306595 0.458593 0.288592 0.476125 0.288592 0.476125 0.306595
1 0.487659 0.342959 0.495351 0.319118 0.511116 0.322156 0.503424 0.345996
1 0.426521 0.415395 0.446232 0.400687 0.457711 0.409872 0.438001 0.424581
1 0.294516 0.573787 0.294516 0.565287 0.311255 0.565287 0.311255 0.573787
1 0.477911 0.549412 0.477911 0.532653 0.492201 0.532653 0.492201 0.549412
1 0.523833 0.551530 0.523833 0.534771 0.538124 0.534771 0.538124 0.551530
1 0.521921 0.584270 0.521921 0.563957 0.537560 0.563957 0.537560 0.584270
1 0.879829 0.555797 0.879829 0.544003 0.900258 0.544003 0.900258 0.555797
1 0.882881 0.587734 0.882881 0.561179 0.899239 0.561179 0.899239 0.587734
0 0.056645 0.100168 0.600218 0.100168 0.600218 0.472222 0.056645 0.472222
0 0.086057 0.485690 0.504357 0.485690 0.504357 0.590067 0.086057 0.590067
0 0.515251 0.467172 0.919390 0.467172 0.919390 0.597643 0.515251 0.597643
0 0.270153 0.596801 0.738562 0.596801 0.738562 0.880471 0.270153 0.880471