1 0.082312 0.256944 0.113971 0.256944 0.113971 0.270360 0.082312 0.270360
1 0.075817 0.409315 0.108642 0.409315 0.108642 0.421324 0.075817 0.421324
1 0.105301 0.457912 0.137836 0.457912 0.137836 0.470932 0.105301 0.470932
1 0.324116 0.493204 0.348609 0.493204 0.348609 0.506191 0.324116 0.506191
1 0.370640 0.701394 0.394933 0.701394 0.394933 0.717216 0.370640 0.717216
2 0.612207 0.246278 0.631928 0.246278 0.631928 0.263444 0.612207 0.263444
2 0.730588 0.406545 0.753176 0.406545 0.753176 0.426424 0.730588 0.426424
2 0.580854 0.439572 0.600231 0.439572 0.600231 0.457398 0.580854 0.457398
2 0.829066 0.434938 0.846597 0.434938 0.846597 0.451693 0.829066 0.451693
1 0.553519 0.699605 0.576821 0.699605 0.576821 0.712926 0.553519 0.712926
1 0.779720 0.702093 0.804158 0.702093 0.804158 0.715854 0.779720 0.715854
1 0.430252 0.387229 0.429639 0.360093 0.449484 0.359825 0.450097 0.386962
1 0.105405 0.569607 0.107944 0.541549 0.126748 0.542565 0.124209 0.570623
1 0.146409 0.588984 0.160778 0.605446 0.147121 0.612564 0.132752 0.596102
1 0.149126 0.638973 0.163495 0.655435 0.149839 0.662553 0.135469 0.646091
1 0.303709 0.683138 0.321234 0.668615 0.333282 0.677297 0.315756 0.691819
1 0.429285 0.648856 0.429285 0.628999 0.445759 0.628999 0.445759 0.648856
1 0.496720 0.671662 0.496720 0.651805 0.513193 0.651805 0.513193 0.671662
1 0.523165 0.589627 0.539337 0.605058 0.526534 0.613069 0.510363 0.597638
1 0.569965 0.588949 0.583960 0.605602 0.570145 0.612535 0.556149 0.595882
1 0.637715 0.695793 0.650564 0.712990 0.636298 0.719355 0.623449 0.702158
1 0.625999 0.689025 0.625640 0.669170 0.642112 0.668993 0.642471 0.688847
1 0.722534 0.691778 0.735383 0.674581 0.749649 0.680946 0.736800 0.698142
1 0.767988 0.655693 0.782727 0.639427 0.796221 0.646728 0.781482 0.662994
1 0.776084 0.607872 0.794255 0.593831 0.805903 0.602832 0.787732 0.616873
0 0.056723 0.235931 0.469888 0.235931 0.469888 0.515152 0.056723 0.515152
0 0.544118 0.234848 0.898459 0.234848 0.898459 0.512987 0.544118 0.512987
0 0.489496 0.525974 0.835434 0.525974 0.835434 0.738095 0.489496 0.738095
0 0.090336 0.520563 0.460084 0.520563 0.460084 0.731602 0.090336 0.731602