2 0.209314 0.398864 0.246078 0.398864 0.246078 0.433333 0.209314 0.433333
2 0.324020 0.462879 0.370098 0.462879 0.370098 0.493561 0.324020 0.493561
2 0.430392 0.464394 0.466667 0.464394 0.466667 0.499621 0.430392 0.499621
1 0.568627 0.457576 0.623039 0.457576 0.623039 0.475379 0.568627 0.475379
2 0.655882 0.359091 0.690196 0.359091 0.690196 0.392424 0.655882 0.392424
1 0.389706 0.507197 0.432843 0.507197 0.432843 0.522348 0.389706 0.522348
1 0.424510 0.585227 0.440196 0.585227 0.440196 0.599621 0.424510 0.599621
1 0.573039 0.615530 0.625490 0.615530 0.625490 0.631818 0.573039 0.631818
2 0.651471 0.576136 0.687255 0.576136 0.687255 0.608333 0.651471 0.608333
1 0.664518 0.407700 0.669598 0.439666 0.645397 0.441962 0.640318 0.409996
1 0.669153 0.475428 0.688601 0.458141 0.705042 0.469185 0.685595 0.486472
1 0.697667 0.672719 0.717115 0.655431 0.733556 0.666475 0.714108 0.683763
0 0.164603 0.239234 0.853973 0.239234 0.853973 0.791069 0.164603 0.791069