1 0.305556 0.133365 0.349673 0.133365 0.349673 0.147412 0.305556 0.147412
1 0.053717 0.163352 0.093646 0.153919 0.098644 0.166551 0.058715 0.175984
1 0.059100 0.241784 0.095967 0.230848 0.101816 0.242621 0.064948 0.253557
1 0.154353 0.354414 0.165909 0.354414 0.165909 0.365539 0.154353 0.365539
1 0.177844 0.353975 0.196789 0.353975 0.196789 0.365393 0.177844 0.365393
1 0.226153 0.368760 0.248319 0.368760 0.248319 0.380471 0.226153 0.380471
1 0.332623 0.358659 0.374491 0.358659 0.374491 0.370956 0.332623 0.370956
1 0.312352 0.385156 0.343990 0.385156 0.343990 0.396282 0.312352 0.396282
1 0.426099 0.369544 0.447193 0.369544 0.447193 0.381687 0.426099 0.381687
1 0.556316 0.301973 0.575239 0.301973 0.575239 0.318358 0.556316 0.318358
1 0.558338 0.269613 0.598267 0.266913 0.599738 0.279904 0.559809 0.282604
1 0.702745 0.360909 0.720784 0.360909 0.720784 0.378182 0.702745 0.378182
1 0.746465 0.418916 0.768330 0.418916 0.768330 0.430119 0.746465 0.430119
1 0.745752 0.450505 0.769756 0.450505 0.769756 0.463361 0.745752 0.463361
1 0.659612 0.611158 0.673905 0.611158 0.673905 0.623619 0.659612 0.623619
1 0.846894 0.609742 0.858988 0.609742 0.858988 0.620787 0.846894 0.620787
2 0.433855 0.596087 0.452966 0.596087 0.452966 0.610855 0.433855 0.610855
1 0.514768 0.611047 0.525937 0.611047 0.525937 0.623705 0.514768 0.623705
2 0.566145 0.655159 0.583768 0.655159 0.583768 0.672037 0.566145 0.672037
2 0.273517 0.707135 0.292132 0.707135 0.292132 0.722478 0.273517 0.722478
2 0.262348 0.745301 0.278729 0.745301 0.278729 0.760836 0.262348 0.760836
1 0.124758 0.612887 0.138117 0.612887 0.138117 0.626041 0.124758 0.626041
1 0.312002 0.432734 0.341737 0.432734 0.341737 0.444722 0.312002 0.444722
1 0.312433 0.450216 0.343245 0.450216 0.343245 0.462704 0.312433 0.462704
1 0.604100 0.272911 0.604100 0.254442 0.620916 0.254442 0.620916 0.272911
1 0.575983 0.226758 0.575983 0.208290 0.592800 0.208290 0.592800 0.226758
1 0.550006 0.196768 0.550006 0.178299 0.566822 0.178299 0.566822 0.196768
1 0.549436 0.217815 0.549436 0.205792 0.566513 0.205792 0.566513 0.217815
1 0.549673 0.241506 0.549673 0.226967 0.566585 0.226967 0.566585 0.241506
1 0.127842 0.453027 0.141696 0.464507 0.132007 0.471489 0.118152 0.460008
1 0.309080 0.549781 0.308783 0.536608 0.327748 0.536352 0.328046 0.549525
1 0.493322 0.465022 0.510071 0.450648 0.521697 0.458737 0.504948 0.473111
1 0.567167 0.490812 0.567167 0.481260 0.581715 0.481260 0.581715 0.490812
1 0.548235 0.525023 0.548235 0.515471 0.562783 0.515471 0.562783 0.525023
1 0.606275 0.520226 0.606275 0.510674 0.620822 0.510674 0.620822 0.520226
1 0.583855 0.550451 0.583855 0.534084 0.598970 0.534084 0.598970 0.550451
1 0.538014 0.591431 0.538014 0.575064 0.553129 0.575064 0.553129 0.591431
1 0.663994 0.438859 0.684498 0.449953 0.675525 0.459856 0.655021 0.448762
1 0.713527 0.514107 0.753256 0.516253 0.752062 0.529453 0.712332 0.527307
1 0.761705 0.520451 0.801313 0.517234 0.803103 0.530394 0.763495 0.533610
1 0.827346 0.452257 0.847337 0.440617 0.856752 0.450271 0.836761 0.461912
0 0.653595 0.186027 0.881264 0.186027 0.881264 0.382997 0.653595 0.382997
0 0.047930 0.125421 0.629630 0.125421 0.629630 0.409933 0.047930 0.409933
0 0.086057 0.424242 0.610022 0.424242 0.610022 0.639731 0.086057 0.639731
0 0.616558 0.413300 0.901961 0.413300 0.901961 0.629630 0.616558 0.629630
0 0.209150 0.583333 0.656863 0.583333 0.656863 0.872896 0.209150 0.872896