2 0.532229 0.291188 0.561528 0.291188 0.561528 0.313828 0.532229 0.313828
1 0.512396 0.320446 0.577304 0.320446 0.577304 0.336816 0.512396 0.336816
1 0.484900 0.356670 0.551161 0.356670 0.551161 0.369906 0.484900 0.369906
2 0.588573 0.474399 0.614717 0.474399 0.614717 0.495994 0.588573 0.495994
2 0.694952 0.355974 0.722898 0.355974 0.722898 0.377569 0.694952 0.377569
1 0.833784 0.462905 0.877958 0.462905 0.877958 0.479276 0.833784 0.479276
2 0.830898 0.555357 0.854735 0.555357 0.854735 0.577936 0.830898 0.577936
1 0.456477 0.679453 0.492066 0.679453 0.492066 0.693116 0.456477 0.693116
1 0.521988 0.689087 0.574804 0.689087 0.574804 0.702225 0.521988 0.702225
1 0.612887 0.689087 0.638048 0.689087 0.638048 0.703801 0.612887 0.703801
1 0.670917 0.653004 0.712399 0.653004 0.712399 0.668068 0.670917 0.668068
2 0.443557 0.708706 0.465091 0.708706 0.465091 0.730250 0.443557 0.730250
1 0.155335 0.452184 0.198880 0.452184 0.198880 0.466352 0.155335 0.466352
1 0.117902 0.477371 0.181054 0.477371 0.181054 0.491145 0.117902 0.491145
1 0.148714 0.572019 0.195569 0.572019 0.195569 0.584612 0.148714 0.584612
1 0.376022 0.283222 0.395170 0.268934 0.407222 0.278578 0.388074 0.292866
1 0.530563 0.257700 0.538503 0.264279 0.528573 0.271434 0.520633 0.264855
1 0.653473 0.266574 0.672925 0.277494 0.663882 0.287112 0.644430 0.276192
1 0.378436 0.413717 0.404958 0.399894 0.415132 0.411550 0.388611 0.425374
1 0.454573 0.385198 0.485744 0.379637 0.489837 0.393337 0.458666 0.398898
1 0.345535 0.414847 0.365887 0.387608 0.383449 0.395444 0.363097 0.422683
1 0.264706 0.444639 0.274752 0.425425 0.291449 0.430638 0.281403 0.449852
1 0.148714 0.544069 0.149182 0.523350 0.167187 0.523593 0.166719 0.544312
1 0.298824 0.579586 0.334559 0.574219 0.338188 0.588646 0.302453 0.594013
1 0.349884 0.604592 0.395386 0.591726 0.401529 0.604697 0.356027 0.617563
1 0.356858 0.708836 0.382750 0.723858 0.371309 0.735632 0.345418 0.720610
1 0.408828 0.683575 0.422220 0.692227 0.409173 0.704284 0.395781 0.695632
1 0.442083 0.745779 0.473062 0.753052 0.467523 0.767140 0.436544 0.759867
1 0.469807 0.529215 0.504733 0.542320 0.495939 0.556314 0.461013 0.543209
1 0.520512 0.541711 0.545417 0.518695 0.560862 0.528674 0.535957 0.551690
1 0.582953 0.516276 0.616878 0.501685 0.626669 0.515279 0.592744 0.529870
1 0.787861 0.410168 0.794807 0.437781 0.776137 0.440586 0.769191 0.412972
1 0.660374 0.370036 0.683683 0.397771 0.667185 0.406050 0.643876 0.378314
1 0.724317 0.597773 0.729194 0.573979 0.745917 0.576026 0.741040 0.599819
1 0.706181 0.635947 0.718861 0.613939 0.734329 0.619261 0.721649 0.641268
1 0.745737 0.666937 0.760373 0.645667 0.775323 0.651809 0.760687 0.673079
0 0.099216 0.209697 0.894510 0.209697 0.894510 0.785455 0.099216 0.785455