1 0.246686 0.093211 0.266843 0.093211 0.266843 0.118097 0.246686 0.118097
1 0.479294 0.118097 0.560243 0.118097 0.560243 0.158368 0.479294 0.158368
1 0.495612 0.340265 0.571441 0.340265 0.571441 0.377821 0.495612 0.377821
1 0.485053 0.489584 0.558003 0.489584 0.558003 0.528950 0.485053 0.528950
1 0.445203 0.747741 0.461097 0.747741 0.461097 0.764461 0.445203 0.764461
1 0.396167 0.749112 0.409734 0.749112 0.409734 0.763639 0.396167 0.763639
1 0.168235 0.755142 0.191300 0.755142 0.191300 0.772410 0.168235 0.772410
1 0.250996 0.754594 0.264951 0.754594 0.264951 0.769943 0.250996 0.769943
1 0.286853 0.819007 0.300420 0.819007 0.300420 0.833534 0.286853 0.833534
1 0.157477 0.180986 0.178509 0.194229 0.173197 0.211103 0.152164 0.197860
1 0.135131 0.620204 0.135131 0.601255 0.145617 0.601255 0.145617 0.620204
1 0.135043 0.752366 0.135043 0.733417 0.145529 0.733417 0.145529 0.752366
1 0.103232 0.511101 0.103232 0.483542 0.113578 0.483542 0.113578 0.511101
1 0.554721 0.661612 0.554721 0.638862 0.564619 0.638862 0.564619 0.661612
0 0.099288 0.086502 0.628937 0.086502 0.628937 0.852239 0.099288 0.852239
0 0.731113 0.146463 0.809657 0.146463 0.809657 0.714623 0.731113 0.714623